0.005228 -0.004849 0.002046 -21.28 428.86 -922.69 -119.85 -99.30 -284.05 -24.9074 -1.2114 118.7595
0.005228 -0.004849 0.002046 -21.28 428.86 -922.69 -119.85 -99.30 -284.05 -24.9074 -1.2114 118.7595
0.005390 -0.004414 0.002236 -21.11 429.75 -922.66 -119.85 -99.30 -284.05 -24.9085 -1.2073 118.7561
0.005091 -0.004384 0.002720 -21.66 429.55 -922.67 -119.85 -99.30 -284.05 -24.9058 -1.2260 118.7597
0.004585 -0.004476 0.002388 -22.42 429.26 -922.24 -119.85 -99.30 -284.05 -24.9200 -1.2207 118.7493
0.004047 -0.004353 0.002169 -22.17 429.65 -922.22 -119.85 -99.30 -284.05 -24.9172 -1.2223 118.7550
0.004047 -0.004353 0.002169 -22.17 429.65 -922.22 -119.85 -99.30 -284.05 -24.9172 -1.2223 118.7550
0.003751 -0.004136 0.002569 -22.39 429.42 -922.64 -119.85 -99.30 -284.05 -24.9220 -1.2212 118.7504
0.003756 -0.003753 0.002737 -22.61 429.91 -922.41 -119.85 -99.30 -284.05 -24.9319 -1.2216 118.7504
0.003629 -0.003944 0.002987 -22.91 430.25 -922.97 -119.85 -99.30 -284.05 -24.9247 -1.2305 118.7512
0.003575 -0.003919 0.003187 -23.29 430.26 -922.81 -119.85 -99.30 -284.05 -24.9440 -1.2289 118.7470
0.003575 -0.003919 0.003187 -23.29 430.26 -922.81 -119.85 -99.30 -284.05 -24.9440 -1.2289 118.7470
0.003349 -0.003868 0.003495 -23.64 430.65 -921.71 -119.85 -99.30 -284.05 -24.9470 -1.2382 118.7472
0.003335 -0.004081 0.003287 -23.70 430.27 -921.68 -119.85 -99.30 -284.05 -24.9402 -1.2355 118.7457
0.003229 -0.004209 0.002685 -23.42 430.22 -921.39 -119.85 -99.30 -284.05 -24.9584 -1.2403 118.7404
0.002989 -0.003777 0.002726 -23.35 430.61 -920.93 -119.85 -99.30 -284.05 -24.9587 -1.2301 118.7410
0.003204 -0.002615 0.002967 -23.31 430.58 -921.07 -119.85 -99.30 -284.05 -24.9608 -1.2253 118.7349
0.003204 -0.002615 0.002967 -23.31 430.58 -921.07 -119.85 -99.30 -284.05 -24.9608 -1.2253 118.7349
0.003407 -0.002011 0.003122 -23.07 430.43 -920.60 -119.85 -99.30 -284.05 -24.9616 -1.2158 118.7394
0.003713 -0.001665 0.003376 -22.91 429.95 -920.40 -119.85 -99.30 -284.05 -24.9536 -1.2160 118.7372
0.003697 -0.001783 0.003851 -23.22 429.62 -920.47 -119.85 -99.30 -284.05 -24.9571 -1.2196 118.7426
0.003211 -0.002312 0.003714 -23.16 429.41 -920.53 -119.85 -99.30 -284.05 -24.9590 -1.2215 118.7392
0.003211 -0.002312 0.003714 -23.16 429.41 -920.53 -119.85 -99.30 -284.05 -24.9590 -1.2215 118.7392
0.003366 -0.002396 0.003109 -23.16 429.20 -920.54 -119.85 -99.30 -284.05 -24.9549 -1.2247 118.7352
0.003790 -0.002402 0.003153 -22.94 429.35 -921.11 -119.85 -99.30 -284.05 -24.9530 -1.2166 118.7405
0.003790 -0.002402 0.003153 -22.94 429.35 -921.11 -119.85 -99.30 -284.05 -24.9530 -1.2166 118.7405
0.003608 -0.002768 0.003103 -22.69 429.40 -921.98 -119.85 -99.30 -284.05 -24.9571 -1.2197 118.7382
0.003608 -0.002768 0.003103 -22.69 429.40 -921.98 -119.85 -99.30 -284.05 -24.9571 -1.2197 118.7382
0.003440 -0.002363 0.002722 -22.92 429.23 -921.79 -119.85 -99.30 -284.05 -24.9516 -1.2218 118.7328
0.002990 -0.002867 0.002472 -22.81 428.46 -921.43 -119.85 -99.30 -284.05 -24.9515 -1.2248 118.7382
0.002990 -0.002867 0.002472 -22.81 428.46 -921.43 -119.85 -99.30 -284.05 -24.9515 -1.2248 118.7382
0.002636 -0.003221 0.002288 -22.72 428.23 -921.20 -119.85 -99.30 -284.05 -24.9554 -1.2269 118.7343
0.002523 -0.002838 0.002116 -22.47 428.75 -920.78 -119.85 -99.30 -284.05 -24.9692 -1.2173 118.7316
0.002538 -0.002312 0.001623 -22.23 429.04 -920.03 -119.85 -99.30 -284.05 -24.9729 -1.2159 118.7237
0.003069 -0.002745 0.001409 -22.44 429.08 -919.87 -119.85 -99.30 -284.05 -24.9692 -1.2255 118.7242
0.003069 -0.002745 0.001409 -22.44 429.08 -919.87 -119.85 -99.30 -284.05 -24.9692 -1.2255 118.7242
0.003144 -0.003283 0.001391 -22.74 428.87 -920.02 -119.85 -99.30 -284.05 -24.9672 -1.2310 118.7229
0.003146 -0.003232 0.001729 -22.68 428.15 -920.87 -119.85 -99.30 -284.05 -24.9506 -1.2257 118.7300
0.003260 -0.003257 0.001994 -23.17 428.02 -921.39 -119.85 -99.30 -284.05 -24.9553 -1.2381 118.7242
0.003610 -0.002922 0.001611 -23.47 427.97 -920.90 -119.85 -99.30 -284.05 -24.9513 -1.2351 118.7185
0.003882 -0.002862 0.001470 -23.48 427.91 -921.00 -119.85 -99.30 -284.05 -24.9479 -1.2386 118.7182
0.003882 -0.002862 0.001470 -23.48 427.91 -921.00 -119.85 -99.30 -284.05 -24.9479 -1.2386 118.7182
0.004639 -0.003287 0.001432 -22.90 428.16 -920.55 -119.85 -99.30 -284.05 -24.9503 -1.2320 118.7207
0.005056 -0.003048 0.001320 -22.69 427.88 -920.13 -119.85 -99.30 -284.05 -24.9407 -1.2320 118.7176
0.004872 -0.003505 0.001459 -22.93 427.78 -920.45 -119.85 -99.30 -284.05 -24.9427 -1.2399 118.7197
0.004407 -0.003835 0.001616 -23.20 428.27 -921.26 -119.85 -99.30 -284.05 -24.9470 -1.2442 118.7183
0.004461 -0.004440 0.001807 -22.56 428.36 -921.54 -119.85 -99.30 -284.05 -24.9440 -1.2377 118.7270
0.004461 -0.004440 0.001807 -22.56 428.36 -921.54 -119.85 -99.30 -284.05 -24.9440 -1.2377 118.7270
0.004139 -0.005441 0.002013 -22.67 428.28 -921.59 -119.85 -99.30 -284.05 -24.9460 -1.2522 118.7285
0.003406 -0.005475 0.002286 -22.68 427.89 -921.47 -119.85 -99.30 -284.05 -24.9468 -1.2481 118.7318
0.003038 -0.005347 0.002563 -22.23 428.39 -921.56 -119.85 -99.30 -284.05 -24.9578 -1.2416 118.7346
0.002805 -0.005826 0.003430 -22.21 428.42 -920.31 -119.85 -99.30 -284.05 -24.9659 -1.2458 118.7418
0.002805 -0.005826 0.003430 -22.21 428.42 -920.31 -119.85 -99.30 -284.05 -24.9659 -1.2458 118.7418
0.003067 -0.005608 0.003898 -22.46 427.89 -919.68 -119.85 -99.30 -284.05 -24.9576 -1.2461 118.7432
0.003141 -0.005443 0.003082 -22.86 427.88 -919.64 -119.85 -99.30 -284.05 -24.9610 -1.2549 118.7334
0.003137 -0.004812 0.002232 -22.48 427.84 -919.40 -119.85 -99.30 -284.05 -24.9615 -1.2459 118.7299
0.003137 -0.004812 0.002232 -22.48 427.84 -919.40 -119.85 -99.30 -284.05 -24.9615 -1.2459 118.7299
0.003911 -0.004282 0.002111 -21.93 427.97 -918.73 -119.85 -99.30 -284.05 -24.9623 -1.2374 118.7298
0.004001 -0.004138 0.002534 -21.61 427.91 -919.01 -119.85 -99.30 -284.05 -24.9581 -1.2323 118.7355
0.004014 -0.003415 0.002109 -21.15 428.04 -919.47 -119.85 -99.30 -284.05 -24.9590 -1.2220 118.7311
0.003340 -0.003661 0.002385 -21.18 428.05 -919.84 -119.85 -99.30 -284.05 -24.9623 -1.2245 118.7358
0.003926 -0.004621 0.002037 -21.21 427.68 -919.28 -119.85 -99.30 -284.05 -24.9566 -1.2321 118.7357
0.003926 -0.004621 0.002037 -21.21 427.68 -919.28 -119.85 -99.30 -284.05 -24.9566 -1.2321 118.7357
0.004281 -0.005001 0.001991 -20.67 427.77 -919.36 -119.85 -99.30 -284.05 -24.9556 -1.2252 118.7406
0.005034 -0.005010 0.001676 -20.80 427.65 -919.76 -119.85 -99.30 -284.05 -24.9448 -1.2293 118.7378
0.005063 -0.005084 0.001884 -20.50 427.87 -920.05 -119.85 -99.30 -284.05 -24.9472 -1.2231 118.7426
0.005063 -0.005084 0.001884 -20.50 427.87 -920.05 -119.85 -99.30 -284.05 -24.9472 -1.2231 118.7426
0.004676 -0.004353 0.002299 -19.92 427.44 -920.22 -119.85 -99.30 -284.05 -24.9422 -1.2085 118.7483
0.004177 -0.004690 0.002299 -19.59 427.38 -920.80 -119.85 -99.30 -284.05 -24.9425 -1.2072 118.7525
0.003719 -0.005063 0.002926 -20.31 427.78 -920.62 -119.85 -99.30 -284.05 -24.9520 -1.2156 118.7539
0.003083 -0.004559 0.003224 -20.35 427.83 -920.61 -119.85 -99.30 -284.05 -24.9555 -1.2084 118.7557
0.003083 -0.004559 0.003224 -20.35 427.83 -920.61 -119.85 -99.30 -284.05 -24.9555 -1.2084 118.7557
0.003254 -0.004512 0.003204 -19.99 428.32 -920.77 -119.85 -99.30 -284.05 -24.9598 -1.2023 118.7578
0.003803 -0.004749 0.002849 -19.61 428.43 -921.02 -119.85 -99.30 -284.05 -24.9549 -1.1991 118.7596
0.004215 -0.005414 0.002168 -19.77 428.90 -920.41 -119.85 -99.30 -284.05 -24.9622 -1.2066 118.7552
0.004580 -0.005530 0.002447 -19.66 429.10 -920.35 -119.85 -99.30 -284.05 -24.9611 -1.2025 118.7598
0.004580 -0.005530 0.002447 -19.66 429.10 -920.35 -119.85 -99.30 -284.05 -24.9611 -1.2025 118.7598
0.005372 -0.005130 0.002616 -20.28 428.97 -920.95 -119.85 -99.30 -284.05 -24.9504 -1.2061 118.7583
0.005544 -0.004847 0.002097 -20.42 428.64 -920.22 -119.85 -99.30 -284.05 -24.9503 -1.2062 118.7539
0.005432 -0.005814 0.002209 -20.40 428.89 -920.48 -119.85 -99.30 -284.05 -24.9522 -1.2111 118.7589
0.005902 -0.005540 0.002921 -20.81 428.72 -920.07 -119.85 -99.30 -284.05 -24.9487 -1.2115 118.7614
0.005902 -0.005540 0.002921 -20.81 428.72 -920.07 -119.85 -99.30 -284.05 -24.9487 -1.2115 118.7614
0.005067 -0.005907 0.002729 -20.61 428.23 -919.95 -119.85 -99.30 -284.05 -24.9492 -1.2118 118.7644
0.004988 -0.006057 0.003261 -20.89 428.35 -919.50 -119.85 -99.30 -284.05 -24.9542 -1.2143 118.7671
0.004922 -0.005818 0.004136 -20.76 427.59 -919.44 -119.85 -99.30 -284.05 -24.9454 -1.2083 118.7764
0.004503 -0.005475 0.003259 -21.14 427.92 -920.21 -119.85 -99.30 -284.05 -24.9481 -1.2130 118.7689
0.004503 -0.005475 0.003259 -21.14 427.92 -920.21 -119.85 -99.30 -284.05 -24.9481 -1.2130 118.7689
0.004016 -0.005640 0.002835 -21.52 427.46 -922.30 -119.85 -99.30 -284.05 -24.9344 -1.2196 118.7698
0.003696 -0.005785 0.003386 -21.22 427.68 -921.85 -119.85 -99.30 -284.05 -24.9424 -1.2154 118.7754
0.003531 -0.005570 0.002879 -21.84 427.49 -921.84 -119.85 -99.30 -284.05 -24.9398 -1.2233 118.7699
0.003599 -0.005848 0.002968 -21.33 428.08 -920.51 -119.85 -99.30 -284.05 -24.9532 -1.2189 118.7721
0.003599 -0.005848 0.002968 -21.33 428.08 -920.51 -119.85 -99.30 -284.05 -24.9532 -1.2189 118.7721
0.003451 -0.006197 0.002593 -21.57 427.87 -920.31 -119.85 -99.30 -284.05 -24.9521 -1.2259 118.7708
0.003604 -0.005803 0.001894 -22.20 428.08 -920.32 -119.85 -99.30 -284.05 -24.9529 -1.2334 118.7622
0.003129 -0.005125 0.001500 -22.96 428.20 -919.98 -119.85 -99.30 -284.05 -24.9597 -1.2401 118.7529
0.003129 -0.005125 0.001500 -22.96 428.20 -919.98 -119.85 -99.30 -284.05 -24.9597 -1.2401 118.7529
0.003244 -0.004858 0.001373 -22.88 427.94 -920.37 -119.85 -99.30 -284.05 -24.9544 -1.2395 118.7520
0.003349 -0.004773 0.000951 -22.23 428.15 -921.05 -119.85 -99.30 -284.05 -24.9530 -1.2341 118.7512
0.003407 -0.005351 0.001704 -22.02 428.55 -920.67 -119.85 -99.30 -284.05 -24.9592 -1.2341 118.7569
0.003210 -0.005647 0.001873 -21.36 428.05 -919.98 -119.85 -99.30 -284.05 -24.9599 -1.2295 118.7631
0.003592 -0.004422 0.001185 -21.34 428.46 -920.30 -119.85 -99.30 -284.05 -24.9605 -1.2234 118.7542
0.003592 -0.004422 0.001185 -21.34 428.46 -920.30 -119.85 -99.30 -284.05 -24.9605 -1.2234 118.7542
0.004162 -0.003890 0.001591 -21.52 427.19 -920.62 -119.85 -99.30 -284.05 -24.9410 -1.2201 118.7565
0.004095 -0.004611 0.002151 -21.83 427.60 -920.81 -119.85 -99.30 -284.05 -24.9441 -1.2269 118.7602
0.004197 -0.004638 0.002453 -21.49 428.38 -920.11 -119.85 -99.30 -284.05 -24.9551 -1.2219 118.7615
0.004167 -0.004703 0.002833 -21.49 427.45 -919.38 -119.85 -99.30 -284.05 -24.9492 -1.2226 118.7657
0.004395 -0.004401 0.003096 -20.80 427.42 -918.87 -119.85 -99.30 -284.05 -24.9492 -1.2108 118.7704
0.004139 -0.004351 0.002780 -20.48 427.24 -920.85 -119.85 -99.30 -284.05 -24.9406 -1.2071 118.7733
0.004139 -0.004351 0.002780 -20.48 427.24 -920.85 -119.85 -99.30 -284.05 -24.9406 -1.2071 118.7733
0.004696 -0.003887 0.003055 -20.65 427.48 -921.50 -119.85 -99.30 -284.05 -24.9324 -1.2017 118.7750
0.004158 -0.003874 0.002679 -21.86 428.27 -922.00 -119.85 -99.30 -284.05 -24.9423 -1.2148 118.7674
0.004158 -0.003874 0.002679 -21.86 428.27 -922.00 -119.85 -99.30 -284.05 -24.9423 -1.2148 118.7674
0.004559 -0.003384 0.001890 -22.24 428.33 -920.71 -119.85 -99.30 -284.05 -24.9459 -1.2194 118.7553
0.004977 -0.003063 0.002572 -22.31 428.87 -921.24 -119.85 -99.30 -284.05 -24.9458 -1.2151 118.7585
0.005124 -0.003099 0.001953 -22.25 428.97 -921.18 -119.85 -99.30 -284.05 -24.9461 -1.2155 118.7526
0.005084 -0.003989 0.001870 -21.86 428.71 -921.10 -119.85 -99.30 -284.05 -24.9428 -1.2190 118.7558
0.005084 -0.003989 0.001870 -21.86 428.71 -921.10 -119.85 -99.30 -284.05 -24.9428 -1.2190 118.7558
0.004949 -0.004272 0.002188 -21.26 428.53 -919.90 -119.85 -99.30 -284.05 -24.9486 -1.2116 118.7614
0.005253 -0.004332 0.002429 -21.39 428.79 -918.98 -119.85 -99.30 -284.05 -24.9536 -1.2145 118.7607
0.005132 -0.004096 0.002529 -20.82 428.86 -919.08 -119.85 -99.30 -284.05 -24.9567 -1.2050 118.7626
0.005001 -0.004351 0.002778 -20.54 428.53 -920.20 -119.85 -99.30 -284.05 -24.9493 -1.1993 118.7694
0.004918 -0.005133 0.002373 -20.58 428.33 -920.65 -119.85 -99.30 -284.05 -24.9444 -1.2063 118.7713
0.004918 -0.005133 0.002373 -20.58 428.33 -920.65 -119.85 -99.30 -284.05 -24.9444 -1.2063 118.7713
0.004678 -0.005567 0.001754 -19.99 428.30 -921.29 -119.85 -99.30 -284.05 -24.9432 -1.2064 118.7705
0.004596 -0.005691 0.002147 -18.82 428.64 -922.09 -119.85 -99.30 -284.05 -24.9399 -1.1936 118.7816
0.004309 -0.006169 0.001954 -21.14 428.55 -920.56 -119.85 -99.30 -284.05 -24.9593 -1.2030 118.7758
0.004187 -0.006121 0.002111 -21.76 428.23 -920.73 -119.85 -99.30 -284.05 -24.9550 -1.2120 118.7727
0.004187 -0.006121 0.002111 -21.76 428.23 -920.73 -119.85 -99.30 -284.05 -24.9550 -1.2120 118.7727
0.004110 -0.005913 0.002476 -22.01 428.29 -921.04 -119.85 -99.30 -284.05 -24.9516 -1.2148 118.7761
0.004110 -0.005913 0.002476 -22.01 428.29 -921.04 -119.85 -99.30 -284.05 -24.9516 -1.2148 118.7761
0.004971 -0.005025 0.002842 -22.29 427.68 -920.65 -119.85 -99.30 -284.05 -24.9344 -1.2137 118.7752
0.004884 -0.005234 0.002429 -22.29 427.38 -921.09 -119.85 -99.30 -284.05 -24.9389 -1.2162 118.7742
0.004884 -0.005234 0.002429 -22.29 427.38 -921.09 -119.85 -99.30 -284.05 -24.9389 -1.2162 118.7742
0.004265 -0.005676 0.002668 -22.60 427.56 -920.81 -119.85 -99.30 -284.05 -24.9474 -1.2243 118.7735
0.003552 -0.005854 0.002561 -22.67 427.92 -921.39 -119.85 -99.30 -284.05 -24.9470 -1.2335 118.7771
0.003552 -0.005854 0.002561 -22.67 427.92 -921.39 -119.85 -99.30 -284.05 -24.9470 -1.2335 118.7771
0.002693 -0.005654 0.002230 -22.99 428.23 -922.15 -119.85 -99.30 -284.05 -24.9608 -1.2320 118.7704
0.002001 -0.005210 0.002631 -22.73 428.93 -922.47 -119.85 -99.30 -284.05 -24.9702 -1.2200 118.7741
0.002216 -0.004859 0.002796 -21.96 428.96 -921.69 -119.85 -99.30 -284.05 -24.9654 -1.2127 118.7760
0.002736 -0.004988 0.002719 -21.36 428.58 -921.54 -119.85 -99.30 -284.05 -24.9587 -1.2097 118.7822
0.002736 -0.004988 0.002719 -21.36 428.58 -921.54 -119.85 -99.30 -284.05 -24.9587 -1.2097 118.7822
0.003009 -0.005224 0.002410 -21.06 428.06 -921.24 -119.85 -99.30 -284.05 -24.9548 -1.2129 118.7775
0.003199 -0.004884 0.002046 -21.18 427.70 -921.07 -119.85 -99.30 -284.05 -24.9503 -1.2096 118.7773
0.003244 -0.004800 0.002060 -20.96 427.63 -920.53 -119.85 -99.30 -284.05 -24.9592 -1.2060 118.7791
0.002675 -0.005109 0.002334 -20.49 428.17 -920.27 -119.85 -99.30 -284.05 -24.9723 -1.1997 118.7854
0.001962 -0.004945 0.003019 -20.24 428.46 -919.36 -119.85 -99.30 -284.05 -24.9880 -1.1930 118.7873
0.001672 -0.004753 0.003610 -19.91 428.66 -919.00 -119.85 -99.30 -284.05 -24.9858 -1.1833 118.7960
0.001672 -0.004753 0.003610 -19.91 428.66 -919.00 -119.85 -99.30 -284.05 -24.9858 -1.1833 118.7960
0.002288 -0.004494 0.003820 -19.79 428.63 -919.95 -119.85 -99.30 -284.05 -24.9748 -1.1834 118.7942
0.003051 -0.003921 0.004015 -20.50 428.86 -920.36 -119.85 -99.30 -284.05 -24.9791 -1.1866 118.7907
0.003051 -0.003921 0.004015 -20.50 428.86 -920.36 -119.85 -99.30 -284.05 -24.9791 -1.1866 118.7907
0.002940 -0.003600 0.004239 -21.19 429.12 -920.53 -119.85 -99.30 -284.05 -24.9802 -1.1898 118.7901
0.002620 -0.003738 0.004570 -21.33 429.13 -920.76 -119.85 -99.30 -284.05 -24.9849 -1.1868 118.7964
0.002987 -0.003939 0.004681 -20.86 428.92 -920.86 -119.85 -99.30 -284.05 -24.9730 -1.1796 118.8008
0.003423 -0.003948 0.004563 -20.26 428.71 -920.86 -119.85 -99.30 -284.05 -24.9758 -1.1715 118.8044
0.003423 -0.003948 0.004563 -20.26 428.71 -920.86 -119.85 -99.30 -284.05 -24.9758 -1.1715 118.8044
0.003482 -0.004247 0.004164 -20.06 428.62 -920.90 -119.85 -99.30 -284.05 -24.9701 -1.1766 118.8035
0.003666 -0.004627 0.003958 -20.37 428.94 -920.98 -119.85 -99.30 -284.05 -24.9802 -1.1812 118.8025
0.004476 -0.004522 0.004058 -20.88 429.01 -920.92 -119.85 -99.30 -284.05 -24.9626 -1.1843 118.8020
0.004867 -0.004113 0.004183 -21.12 428.56 -921.13 -119.85 -99.30 -284.05 -24.9608 -1.1801 118.8035
0.005192 -0.004133 0.004120 -20.85 428.18 -921.03 -119.85 -99.30 -284.05 -24.9511 -1.1768 118.8073
0.005192 -0.004133 0.004120 -20.85 428.18 -921.03 -119.85 -99.30 -284.05 -24.9511 -1.1768 118.8073
0.005010 -0.004430 0.004289 -21.05 427.93 -920.69 -119.85 -99.30 -284.05 -24.9563 -1.1844 118.8083
0.004628 -0.004620 0.004602 -21.29 428.49 -920.34 -119.85 -99.30 -284.05 -24.9696 -1.1826 118.8094
0.005155 -0.004294 0.004553 -21.23 428.41 -920.12 -119.85 -99.30 -284.05 -24.9540 -1.1792 118.8095
0.005155 -0.004294 0.004553 -21.23 428.41 -920.12 -119.85 -99.30 -284.05 -24.9540 -1.1792 118.8095
0.005557 -0.004504 0.004375 -20.93 428.41 -920.02 -119.85 -99.30 -284.05 -24.9600 -1.1774 118.8123
0.005353 -0.004740 0.004069 -20.98 428.35 -920.19 -119.85 -99.30 -284.05 -24.9537 -1.1828 118.8107
0.005426 -0.004898 0.003403 -21.38 428.16 -920.51 -119.85 -99.30 -284.05 -24.9504 -1.1908 118.8051
0.005172 -0.005201 0.003235 -21.44 428.15 -920.86 -119.85 -99.30 -284.05 -24.9501 -1.1912 118.8092
0.004147 -0.005592 0.002956 -21.86 427.84 -921.16 -119.85 -99.30 -284.05 -24.9516 -1.2046 118.8052
0.004433 -0.005900 0.002690 -22.31 428.05 -920.89 -119.85 -99.30 -284.05 -24.9546 -1.2111 118.8020
0.004433 -0.005900 0.002690 -22.31 428.05 -920.89 -119.85 -99.30 -284.05 -24.9546 -1.2111 118.8020
0.004657 -0.005734 0.003129 -22.27 428.23 -921.01 -119.85 -99.30 -284.05 -24.9502 -1.2058 118.8077
0.004537 -0.005898 0.003256 -22.12 428.02 -921.07 -119.85 -99.30 -284.05 -24.9493 -1.2091 118.8089
0.003420 -0.005580 0.003493 -21.89 427.75 -920.55 -119.85 -99.30 -284.05 -24.9593 -1.2020 118.8117
0.002711 -0.005196 0.003314 -21.68 427.89 -920.27 -119.85 -99.30 -284.05 -24.9668 -1.2001 118.8086
0.002711 -0.005196 0.003314 -21.68 427.89 -920.27 -119.85 -99.30 -284.05 -24.9668 -1.2001 118.8086
0.002183 -0.005263 0.002897 -21.60 428.16 -920.38 -119.85 -99.30 -284.05 -24.9726 -1.2023 118.8070
0.002183 -0.005263 0.002897 -21.60 428.16 -920.38 -119.85 -99.30 -284.05 -24.9726 -1.2023 118.8070
0.002594 -0.005619 0.002692 -21.48 428.04 -920.95 -119.85 -99.30 -284.05 -24.9618 -1.2044 118.8099
0.003017 -0.005425 0.003245 -21.76 427.55 -920.92 -119.85 -99.30 -284.05 -24.9552 -1.2070 118.8126
0.003017 -0.005425 0.003245 -21.76 427.55 -920.92 -119.85 -99.30 -284.05 -24.9552 -1.2070 118.8126
0.003430 -0.005049 0.002986 -21.36 427.34 -920.75 -119.85 -99.30 -284.05 -24.9520 -1.1977 118.8127
0.004250 -0.005276 0.003337 -21.11 427.67 -920.57 -119.85 -99.30 -284.05 -24.9511 -1.1975 118.8177
0.004250 -0.005276 0.003337 -21.11 427.67 -920.57 -119.85 -99.30 -284.05 -24.9511 -1.1975 118.8177
0.004797 -0.005532 0.003523 -20.73 428.25 -920.76 -119.85 -99.30 -284.05 -24.9520 -1.1927 118.8209
0.005127 -0.004947 0.003563 -20.42 428.09 -921.39 -119.85 -99.30 -284.05 -24.9404 -1.1844 118.8230
0.004245 -0.004964 0.003506 -19.61 428.53 -921.68 -119.85 -99.30 -284.05 -24.9557 -1.1735 118.8276
0.003876 -0.004986 0.003799 -18.99 428.92 -920.95 -119.85 -99.30 -284.05 -24.9654 -1.1644 118.8324
0.003483 -0.004576 0.004346 -19.96 429.01 -920.83 -119.85 -99.30 -284.05 -24.9678 -1.1736 118.8294
0.003483 -0.004576 0.004346 -19.96 429.01 -920.83 -119.85 -99.30 -284.05 -24.9678 -1.1736 118.8294
0.003189 -0.004696 0.004334 -20.67 429.33 -920.54 -119.85 -99.30 -284.05 -24.9774 -1.1796 118.8266
0.003148 -0.005227 0.003610 -21.02 429.20 -920.54 -119.85 -99.30 -284.05 -24.9745 -1.1890 118.8230
0.003453 -0.005472 0.003581 -21.17 428.85 -920.03 -119.85 -99.30 -284.05 -24.9730 -1.1910 118.8246
0.003453 -0.005472 0.003581 -21.17 428.85 -920.03 -119.85 -99.30 -284.05 -24.9730 -1.1910 118.8246
0.003668 -0.005635 0.003732 -21.56 429.25 -919.53 -119.85 -99.30 -284.05 -24.9812 -1.1970 118.8225
0.004484 -0.005170 0.002786 -21.92 428.63 -919.79 -119.85 -99.30 -284.05 -24.9632 -1.2016 118.8146
0.005083 -0.005368 0.002785 -22.39 428.86 -920.25 -119.85 -99.30 -284.05 -24.9627 -1.2092 118.8137
0.005281 -0.005764 0.002717 -22.68 428.85 -920.52 -119.85 -99.30 -284.05 -24.9587 -1.2167 118.8130
0.005281 -0.005764 0.002717 -22.68 428.85 -920.52 -119.85 -99.30 -284.05 -24.9587 -1.2167 118.8130
0.005527 -0.005720 0.002699 -22.68 429.16 -920.34 -119.85 -99.30 -284.05 -24.9625 -1.2170 118.8112
0.005871 -0.005837 0.002802 -22.54 429.25 -919.85 -119.85 -99.30 -284.05 -24.9628 -1.2177 118.8120
0.005099 -0.005324 0.001988 -21.82 429.57 -918.87 -119.85 -99.30 -284.05 -24.9787 -1.2090 118.8055
0.004531 -0.004681 0.001942 -21.32 429.13 -918.33 -119.85 -99.30 -284.05 -24.9794 -1.2005 118.8062
0.004705 -0.004204 0.002332 -21.08 428.65 -918.20 -119.85 -99.30 -284.05 -24.9745 -1.1940 118.8088
0.004705 -0.004204 0.002332 -21.08 428.65 -918.20 -119.85 -99.30 -284.05 -24.9745 -1.1940 118.8088
0.005123 -0.004000 0.002617 -20.72 428.23 -917.74 -119.85 -99.30 -284.05 -24.9704 -1.1874 118.8117
0.005312 -0.004383 0.002111 -20.11 428.68 -917.48 -119.85 -99.30 -284.05 -24.9771 -1.1835 118.8106
0.005337 -0.003994 0.001578 -20.47 428.72 -917.77 -119.85 -99.30 -284.05 -24.9750 -1.1866 118.8036
0.005337 -0.003994 0.001578 -20.47 428.72 -917.77 -119.85 -99.30 -284.05 -24.9750 -1.1866 118.8036
0.005242 -0.003927 0.001423 -20.92 428.34 -918.05 -119.85 -99.30 -284.05 -24.9703 -1.1911 118.8009
0.005387 -0.003439 0.001421 -21.67 427.95 -918.62 -119.85 -99.30 -284.05 -24.9619 -1.1964 118.7959
0.004932 -0.002973 0.001978 -21.42 427.94 -919.03 -119.85 -99.30 -284.05 -24.9633 -1.1876 118.7992
0.005358 -0.003120 0.001854 -21.37 428.40 -919.04 -119.85 -99.30 -284.05 -24.9657 -1.1880 118.7967
0.005358 -0.003120 0.001854 -21.37 428.40 -919.04 -119.85 -99.30 -284.05 -24.9657 -1.1880 118.7967
0.004668 -0.002351 0.001474 -21.70 428.53 -918.90 -119.85 -99.30 -284.05 -24.9719 -1.1877 118.7885
0.004632 -0.002914 0.002015 -21.67 428.34 -919.11 -119.85 -99.30 -284.05 -24.9690 -1.1886 118.7936
0.004485 -0.003444 0.001529 -22.16 428.06 -919.18 -119.85 -99.30 -284.05 -24.9667 -1.1994 118.7887
0.004343 -0.003567 0.000938 -22.17 427.34 -920.08 -119.85 -99.30 -284.05 -24.9545 -1.2027 118.7867
0.004343 -0.003567 0.000938 -22.17 427.34 -920.08 -119.85 -99.30 -284.05 -24.9545 -1.2027 118.7867
0.003972 -0.002995 0.000980 -21.89 427.11 -920.56 -119.85 -99.30 -284.05 -24.9519 -1.1961 118.7862
0.003415 -0.003872 0.001146 -21.99 426.84 -920.51 -119.85 -99.30 -284.05 -24.9524 -1.2029 118.7886
0.002929 -0.004050 0.001182 -22.29 426.78 -920.24 -119.85 -99.30 -284.05 -24.9557 -1.2083 118.7867
0.002788 -0.003530 0.000844 -21.60 427.10 -920.07 -119.85 -99.30 -284.05 -24.9611 -1.1988 118.7844
0.003592 -0.003283 0.000088 -21.64 426.57 -920.55 -119.85 -99.30 -284.05 -24.9459 -1.2005 118.7791
0.003592 -0.003283 0.000088 -21.64 426.57 -920.55 -119.85 -99.30 -284.05 -24.9459 -1.2005 118.7791
0.003467 -0.002989 -0.000005 -21.49 426.06 -920.40 -119.85 -99.30 -284.05 -24.9412 -1.1974 118.7776
0.003663 -0.003416 0.000260 -22.24 425.40 -920.40 -119.85 -99.30 -284.05 -24.9300 -1.2079 118.7768
0.002745 -0.004053 0.000465 -22.79 425.38 -921.16 -119.85 -99.30 -284.05 -24.9308 -1.2192 118.7773
0.002527 -0.003734 -0.000103 -22.80 426.05 -920.66 -119.85 -99.30 -284.05 -24.9399 -1.2201 118.7686
0.002527 -0.003734 -0.000103 -22.80 426.05 -920.66 -119.85 -99.30 -284.05 -24.9399 -1.2201 118.7686
0.002225 -0.004346 0.000168 -22.13 426.07 -920.07 -119.85 -99.30 -284.05 -24.9443 -1.2180 118.7732
0.001985 -0.004159 0.000342 -21.19 425.99 -920.78 -119.85 -99.30 -284.05 -24.9414 -1.2065 118.7780
0.001850 -0.004127 0.000998 -21.17 425.77 -921.24 -119.85 -99.30 -284.05 -24.9355 -1.2041 118.7829
0.001182 -0.004393 0.001130 -21.01 426.58 -921.27 -119.85 -99.30 -284.05 -24.9490 -1.2021 118.7835
0.001182 -0.004393 0.001130 -21.01 426.58 -921.27 -119.85 -99.30 -284.05 -24.9490 -1.2021 118.7835
0.001443 -0.005152 0.000918 -21.37 427.10 -921.58 -119.85 -99.30 -284.05 -24.9517 -1.2125 118.7819
0.002077 -0.005076 0.000516 -21.33 426.74 -921.10 -119.85 -99.30 -284.05 -24.9456 -1.2125 118.7804
0.002415 -0.004788 -0.000687 -22.03 426.63 -920.93 -119.85 -99.30 -284.05 -24.9399 -1.2249 118.7670
0.002415 -0.004788 -0.000687 -22.03 426.63 -920.93 -119.85 -99.30 -284.05 -24.9399 -1.2249 118.7670
0.001919 -0.004577 -0.001634 -21.24 427.02 -920.40 -119.85 -99.30 -284.05 -24.9520 -1.2169 118.7608
0.003008 -0.005275 -0.002092 -21.28 427.72 -919.64 -119.85 -99.30 -284.05 -24.9549 -1.2233 118.7542
0.003477 -0.006029 -0.001283 -21.67 428.15 -919.19 -119.85 -99.30 -284.05 -24.9593 -1.2334 118.7573
0.003601 -0.005721 -0.001180 -21.61 427.62 -919.32 -119.85 -99.30 -284.05 -24.9534 -1.2305 118.7566
0.004411 -0.006003 -0.000659 -22.11 428.40 -919.42 -119.85 -99.30 -284.05 -24.9537 -1.2394 118.7555
0.004411 -0.006003 -0.000659 -22.11 428.40 -919.42 -119.85 -99.30 -284.05 -24.9537 -1.2394 118.7555
0.003994 -0.005601 -0.000157 -22.39 428.48 -919.45 -119.85 -99.30 -284.05 -24.9590 -1.2390 118.7537
0.003430 -0.005871 -0.000083 -22.37 427.78 -920.48 -119.85 -99.30 -284.05 -24.9504 -1.2450 118.7564
0.003012 -0.005536 -0.000407 -21.58 427.27 -920.09 -119.85 -99.30 -284.05 -24.9498 -1.2353 118.7582
0.002871 -0.005007 -0.000600 -21.80 427.56 -920.40 -119.85 -99.30 -284.05 -24.9512 -1.2366 118.7514
0.002563 -0.005010 -0.000325 -21.53 427.75 -919.90 -119.85 -99.30 -284.05 -24.9586 -1.2327 118.7518
0.002563 -0.005010 -0.000325 -21.53 427.75 -919.90 -119.85 -99.30 -284.05 -24.9586 -1.2327 118.7518
0.001948 -0.005102 0.000154 -21.66 427.61 -919.98 -119.85 -99.30 -284.05 -24.9602 -1.2342 118.7541
0.001339 -0.005216 0.000262 -21.78 427.92 -920.06 -119.85 -99.30 -284.05 -24.9692 -1.2350 118.7543
0.001339 -0.005216 0.000262 -21.78 427.92 -920.06 -119.85 -99.30 -284.05 -24.9692 -1.2350 118.7543
0.001321 -0.005211 -0.000009 -21.97 427.95 -919.78 -119.85 -99.30 -284.05 -24.9746 -1.2430 118.7490
0.001647 -0.004720 -0.000011 -21.32 427.97 -919.83 -119.85 -99.30 -284.05 -24.9715 -1.2330 118.7497
0.001462 -0.004264 -0.000163 -20.82 427.98 -919.72 -119.85 -99.30 -284.05 -24.9760 -1.2255 118.7495
0.001822 -0.003912 -0.000448 -20.56 428.07 -919.83 -119.85 -99.30 -284.05 -24.9780 -1.2163 118.7459
0.001822 -0.003912 -0.000448 -20.56 428.07 -919.83 -119.85 -99.30 -284.05 -24.9780 -1.2163 118.7459
0.002179 -0.004291 -0.000330 -20.76 427.38 -920.51 -119.85 -99.30 -284.05 -24.9650 -1.2241 118.7455
0.003004 -0.004602 0.000020 -20.47 427.35 -921.06 -119.85 -99.30 -284.05 -24.9573 -1.2158 118.7546
0.004110 -0.005110 -0.000587 -20.96 427.18 -920.51 -119.85 -99.30 -284.05 -24.9489 -1.2275 118.7467
0.004671 -0.005504 -0.000026 -21.51 426.75 -919.60 -119.85 -99.30 -284.05 -24.9422 -1.2345 118.7469
0.004638 -0.006298 0.000217 -21.91 426.48 -919.10 -119.85 -99.30 -284.05 -24.9382 -1.2430 118.7506
0.004638 -0.006298 0.000217 -21.91 426.48 -919.10 -119.85 -99.30 -284.05 -24.9382 -1.2430 118.7506
0.004563 -0.006759 0.000019 -22.47 426.82 -918.88 -119.85 -99.30 -284.05 -24.9426 -1.2564 118.7467
0.004468 -0.006564 0.000351 -22.88 426.90 -918.49 -119.85 -99.30 -284.05 -24.9440 -1.2644 118.7426
0.004592 -0.006475 0.001012 -22.56 427.35 -918.49 -119.85 -99.30 -284.05 -24.9496 -1.2614 118.7455
0.004592 -0.006475 0.001012 -22.56 427.35 -918.49 -119.85 -99.30 -284.05 -24.9496 -1.2614 118.7455
0.004587 -0.006100 0.001327 -21.99 427.52 -919.02 -119.85 -99.30 -284.05 -24.9470 -1.2548 118.7517
0.004034 -0.005286 0.001390 -21.55 427.03 -918.59 -119.85 -99.30 -284.05 -24.9496 -1.2451 118.7502
0.003620 -0.005184 0.001757 -21.15 427.01 -918.46 -119.85 -99.30 -284.05 -24.9551 -1.2363 118.7546
0.003554 -0.005516 0.002041 -21.35 427.36 -918.41 -119.85 -99.30 -284.05 -24.9573 -1.2384 118.7573
0.003260 -0.005589 0.002135 -21.78 427.51 -918.60 -119.85 -99.30 -284.05 -24.9602 -1.2414 118.7563
0.003260 -0.005589 0.002135 -21.78 427.51 -918.60 -119.85 -99.30 -284.05 -24.9602 -1.2414 118.7563
0.003075 -0.005235 0.002073 -21.80 427.37 -918.68 -119.85 -99.30 -284.05 -24.9567 -1.2450 118.7559
0.002944 -0.005135 0.001682 -22.11 427.62 -918.84 -119.85 -99.30 -284.05 -24.9694 -1.2504 118.7450
0.002521 -0.005030 0.001326 -22.14 427.87 -918.67 -119.85 -99.30 -284.05 -24.9679 -1.2451 118.7493
0.002635 -0.005217 0.001345 -21.90 427.77 -919.30 -119.85 -99.30 -284.05 -24.9603 -1.2501 118.7487
0.002635 -0.005217 0.001345 -21.90 427.77 -919.30 -119.85 -99.30 -284.05 -24.9603 -1.2501 118.7487
0.002857 -0.005319 0.001187 -22.20 427.55 -919.67 -119.85 -99.30 -284.05 -24.9597 -1.2559 118.7455
0.003409 -0.004752 0.001657 -22.70 427.63 -919.54 -119.85 -99.30 -284.05 -24.9557 -1.2517 118.7455
0.003612 -0.004140 0.002572 -22.94 427.86 -919.39 -119.85 -99.30 -284.05 -24.9642 -1.2495 118.7491
0.003208 -0.004246 0.002841 -23.02 427.96 -919.06 -119.85 -99.30 -284.05 -24.9656 -1.2546 118.7466
0.003208 -0.004246 0.002841 -23.02 427.96 -919.06 -119.85 -99.30 -284.05 -24.9656 -1.2546 118.7466
0.003027 -0.004891 0.002333 -23.10 428.07 -919.53 -119.85 -99.30 -284.05 -24.9660 -1.2641 118.7457
0.003162 -0.005225 0.001682 -22.96 427.92 -919.87 -119.85 -99.30 -284.05 -24.9573 -1.2610 118.7427
0.003393 -0.004815 0.001446 -22.52 427.28 -919.90 -119.85 -99.30 -284.05 -24.9493 -1.2535 118.7467
0.003393 -0.004815 0.001446 -22.52 427.28 -919.90 -119.85 -99.30 -284.05 -24.9493 -1.2535 118.7467
0.003729 -0.004516 0.001712 -22.42 426.99 -919.90 -119.85 -99.30 -284.05 -24.9465 -1.2552 118.7451
0.004142 -0.004655 0.001689 -22.30 426.90 -920.01 -119.85 -99.30 -284.05 -24.9381 -1.2535 118.7488
0.003850 -0.004846 0.001605 -21.90 426.86 -920.40 -119.85 -99.30 -284.05 -24.9428 -1.2496 118.7500
0.002864 -0.004812 0.001483 -21.53 427.19 -920.55 -119.85 -99.30 -284.05 -24.9561 -1.2457 118.7495
0.002630 -0.004371 0.001603 -21.73 427.08 -920.01 -119.85 -99.30 -284.05 -24.9490 -1.2477 118.7466
0.002676 -0.003877 0.001522 -22.25 427.18 -920.05 -119.85 -99.30 -284.05 -24.9561 -1.2298 118.7633
0.002676 -0.003877 0.001522 -22.25 427.18 -920.05 -119.85 -99.30 -284.05 -24.9561 -1.2298 118.7633
0.002198 -0.003555 0.001088 -22.62 427.73 -920.64 -119.85 -99.30 -284.05 -24.9604 -1.2537 118.7334
0.002146 -0.003242 0.001125 -22.60 427.78 -920.93 -119.85 -99.30 -284.05 -24.9565 -1.2472 118.7363
0.002184 -0.003262 0.001368 -22.41 427.54 -920.90 -119.85 -99.30 -284.05 -24.9550 -1.2474 118.7376
0.002184 -0.003262 0.001368 -22.41 427.54 -920.90 -119.85 -99.30 -284.05 -24.9550 -1.2474 118.7376
0.002482 -0.003240 0.001449 -22.34 427.72 -920.77 -119.85 -99.30 -284.05 -24.9586 -1.2449 118.7357
0.002801 -0.003463 0.001502 -22.64 428.00 -921.18 -119.85 -99.30 -284.05 -24.9522 -1.2541 118.7349
0.003249 -0.003573 0.001501 -22.72 427.72 -921.40 -119.85 -99.30 -284.05 -24.9452 -1.2508 118.7355
0.003249 -0.003573 0.001501 -22.72 427.72 -921.40 -119.85 -99.30 -284.05 -24.9452 -1.2508 118.7355
0.003904 -0.003598 0.001429 -22.75 427.46 -921.08 -119.85 -99.30 -284.05 -24.9390 -1.2548 118.7333
0.004008 -0.003708 0.000749 -23.03 427.45 -921.08 -119.85 -99.30 -284.05 -24.9393 -1.2626 118.7244
0.003157 -0.003962 0.000548 -22.75 427.75 -921.32 -119.85 -99.30 -284.05 -24.9501 -1.2568 118.7289
0.002884 -0.004117 0.001099 -22.22 428.08 -921.17 -119.85 -99.30 -284.05 -24.9544 -1.2507 118.7336
0.003105 -0.004176 0.001872 -21.70 427.90 -920.94 -119.85 -99.30 -284.05 -24.9478 -1.2420 118.7429
0.003502 -0.004310 0.002369 -21.46 427.86 -921.27 -119.85 -99.30 -284.05 -24.9441 -1.2409 118.7460
0.003502 -0.004310 0.002369 -21.46 427.86 -921.27 -119.85 -99.30 -284.05 -24.9441 -1.2409 118.7460
0.003872 -0.004549 0.001870 -21.12 427.98 -921.01 -119.85 -99.30 -284.05 -24.9461 -1.2388 118.7429
0.004152 -0.004722 0.001777 -20.70 427.49 -920.80 -119.85 -99.30 -284.05 -24.9336 -1.2338 118.7500
0.004152 -0.004722 0.001777 -20.70 427.49 -920.80 -119.85 -99.30 -284.05 -24.9336 -1.2338 118.7500
0.003892 -0.005008 0.001789 -21.10 426.99 -921.18 -119.85 -99.30 -284.05 -24.9302 -1.2448 118.7479
0.002510 -0.005185 0.001325 -21.06 427.08 -921.72 -119.85 -99.30 -284.05 -24.9418 -1.2410 118.7473
0.002207 -0.005344 0.001394 -20.83 426.85 -921.53 -119.85 -99.30 -284.05 -24.9372 -1.2399 118.7518
0.002767 -0.005177 0.001351 -20.89 426.80 -920.96 -119.85 -99.30 -284.05 -24.9365 -1.2395 118.7485
0.002767 -0.005177 0.001351 -20.89 426.80 -920.96 -119.85 -99.30 -284.05 -24.9365 -1.2395 118.7485
0.003230 -0.005071 0.001128 -20.35 427.17 -920.96 -119.85 -99.30 -284.05 -24.9366 -1.2295 118.7510
0.003119 -0.005469 0.001259 -19.75 426.94 -921.33 -119.85 -99.30 -284.05 -24.9296 -1.2257 118.7595
0.002878 -0.006349 0.001264 -20.04 426.65 -921.18 -119.85 -99.30 -284.05 -24.9308 -1.2381 118.7598
0.002756 -0.006368 0.001168 -20.15 426.97 -921.11 -119.85 -99.30 -284.05 -24.9357 -1.2346 118.7590
0.003231 -0.006718 0.001426 -20.32 426.50 -921.31 -119.85 -99.30 -284.05 -24.9193 -1.2401 118.7653
0.003431 -0.006414 0.002134 -21.01 426.75 -921.78 -119.85 -99.30 -284.05 -24.9222 -1.2429 118.7654
0.003431 -0.006414 0.002134 -21.01 426.75 -921.78 -119.85 -99.30 -284.05 -24.9222 -1.2429 118.7654
0.003713 -0.006631 0.002298 -20.88 427.21 -922.02 -119.85 -99.30 -284.05 -24.9219 -1.2404 118.7694
0.004196 -0.006290 0.002309 -20.84 427.86 -923.06 -119.85 -99.30 -284.05 -24.9176 -1.2376 118.7689
0.004196 -0.006290 0.002309 -20.84 427.86 -923.06 -119.85 -99.30 -284.05 -24.9176 -1.2376 118.7689
0.004119 -0.006533 0.002079 -21.18 428.37 -923.39 -119.85 -99.30 -284.05 -24.9231 -1.2457 118.7665
0.003998 -0.006474 0.001136 -21.05 428.68 -923.01 -119.85 -99.30 -284.05 -24.9280 -1.2446 118.7600
0.003315 -0.006591 0.001117 -21.35 428.72 -922.65 -119.85 -99.30 -284.05 -24.9344 -1.2508 118.7602
0.002890 -0.006383 0.000920 -21.36 428.61 -922.69 -119.85 -99.30 -284.05 -24.9347 -1.2491 118.7587
0.002890 -0.006383 0.000920 -21.36 428.61 -922.69 -119.85 -99.30 -284.05 -24.9347 -1.2491 118.7587
0.003061 -0.006692 0.000996 -21.62 428.69 -922.44 -119.85 -99.30 -284.05 -24.9368 -1.2559 118.7587
0.003302 -0.006396 0.001354 -21.72 428.70 -922.07 -119.85 -99.30 -284.05 -24.9367 -1.2534 118.7597
0.003521 -0.005895 0.001823 -21.29 429.11 -922.51 -119.85 -99.30 -284.05 -24.9378 -1.2429 118.7638
0.003613 -0.005932 0.001678 -21.02 428.87 -922.12 -119.85 -99.30 -284.05 -24.9364 -1.2422 118.7642
0.003896 -0.005536 0.001819 -21.39 428.27 -922.04 -119.85 -99.30 -284.05 -24.9268 -1.2441 118.7638
0.003896 -0.005536 0.001819 -21.39 428.27 -922.04 -119.85 -99.30 -284.05 -24.9268 -1.2441 118.7638
0.004276 -0.005516 0.001626 -21.77 428.22 -921.89 -119.85 -99.30 -284.05 -24.9257 -1.2491 118.7604
0.003882 -0.005664 0.001276 -22.09 428.33 -921.51 -119.85 -99.30 -284.05 -24.9315 -1.2551 118.7563
0.003775 -0.005073 0.000942 -22.54 428.34 -922.11 -119.85 -99.30 -284.05 -24.9273 -1.2578 118.7505
0.004149 -0.004550 0.001151 -22.49 428.02 -922.55 -119.85 -99.30 -284.05 -24.9183 -1.2530 118.7521
0.004149 -0.004550 0.001151 -22.49 428.02 -922.55 -119.85 -99.30 -284.05 -24.9183 -1.2530 118.7521
0.004429 -0.004095 0.001003 -23.10 428.46 -922.76 -119.85 -99.30 -284.05 -24.9207 -1.2592 118.7441
0.003871 -0.004007 0.000707 -23.53 428.55 -923.02 -119.85 -99.30 -284.05 -24.9225 -1.2650 118.7393
0.003438 -0.004179 0.000108 -23.20 429.09 -922.15 -119.85 -99.30 -284.05 -24.9376 -1.2643 118.7337
0.004527 -0.004240 0.000067 -22.80 429.28 -921.04 -119.85 -99.30 -284.05 -24.9368 -1.2612 118.7327
0.004527 -0.004240 0.000067 -22.80 429.28 -921.04 -119.85 -99.30 -284.05 -24.9368 -1.2612 118.7327
0.004998 -0.004615 -0.000237 -22.61 428.96 -920.67 -119.85 -99.30 -284.05 -24.9312 -1.2640 118.7314
0.004367 -0.004319 0.000107 -22.47 428.94 -921.28 -119.85 -99.30 -284.05 -24.9326 -1.2597 118.7328
0.003766 -0.004795 0.000920 -21.89 429.06 -921.50 -119.85 -99.30 -284.05 -24.9382 -1.2539 118.7415
0.003766 -0.004795 0.000920 -21.89 429.06 -921.50 -119.85 -99.30 -284.05 -24.9382 -1.2539 118.7415
0.004250 -0.005610 0.001737 -22.23 427.99 -922.37 -119.85 -99.30 -284.05 -24.9184 -1.2620 118.7499
0.004250 -0.005610 0.001737 -22.23 427.99 -922.37 -119.85 -99.30 -284.05 -24.9184 -1.2620 118.7499
0.004497 -0.005542 0.001630 -21.50 427.60 -922.89 -119.85 -99.30 -284.05 -24.9096 -1.2536 118.7542
0.005072 -0.004759 0.001724 -20.96 427.98 -922.57 -119.85 -99.30 -284.05 -24.9109 -1.2419 118.7543
0.004983 -0.005337 0.002614 -21.22 428.22 -922.01 -119.85 -99.30 -284.05 -24.9154 -1.2453 118.7602
0.004983 -0.005337 0.002614 -21.22 428.22 -922.01 -119.85 -99.30 -284.05 -24.9154 -1.2453 118.7602
0.004359 -0.006117 0.002071 -20.76 428.52 -921.65 -119.85 -99.30 -284.05 -24.9241 -1.2456 118.7612
0.004573 -0.006098 0.002817 -20.68 428.24 -921.79 -119.85 -99.30 -284.05 -24.9181 -1.2419 118.7685
0.004440 -0.005975 0.002815 -21.09 427.87 -922.48 -119.85 -99.30 -284.05 -24.9107 -1.2451 118.7692
0.004440 -0.005975 0.002815 -21.09 427.87 -922.48 -119.85 -99.30 -284.05 -24.9107 -1.2451 118.7692
0.004436 -0.006080 0.002572 -21.00 427.89 -922.37 -119.85 -99.30 -284.05 -24.9111 -1.2450 118.7696
0.004525 -0.005893 0.002837 -21.49 428.11 -922.28 -119.85 -99.30 -284.05 -24.9121 -1.2476 118.7688
0.004422 -0.006779 0.003607 -20.88 427.76 -922.85 -119.85 -99.30 -284.05 -24.9057 -1.2442 118.7829
0.004637 -0.006486 0.002385 -20.61 428.18 -922.67 -119.85 -99.30 -284.05 -24.9085 -1.2423 118.7759
0.004802 -0.006499 0.002627 -20.65 428.48 -922.56 -119.85 -99.30 -284.05 -24.9107 -1.2417 118.7784
0.004802 -0.006499 0.002627 -20.65 428.48 -922.56 -119.85 -99.30 -284.05 -24.9107 -1.2417 118.7784
0.005619 -0.005880 0.002354 -20.41 428.08 -922.65 -119.85 -99.30 -284.05 -24.8995 -1.2352 118.7779
0.006369 -0.005701 0.003415 -20.28 428.29 -922.45 -119.85 -99.30 -284.05 -24.8947 -1.2278 118.7858
0.005760 -0.006068 0.003527 -20.28 428.97 -922.27 -119.85 -99.30 -284.05 -24.9061 -1.2277 118.7884
0.005760 -0.006068 0.003527 -20.28 428.97 -922.27 -119.85 -99.30 -284.05 -24.9061 -1.2277 118.7884
0.005621 -0.006302 0.002911 -20.74 429.46 -921.82 -119.85 -99.30 -284.05 -24.9141 -1.2350 118.7827
0.005387 -0.006410 0.002948 -21.10 428.97 -921.79 -119.85 -99.30 -284.05 -24.9098 -1.2384 118.7843
0.004707 -0.006598 0.002461 -22.30 428.64 -922.05 -119.85 -99.30 -284.05 -24.9100 -1.2564 118.7772
0.004634 -0.005976 0.003126 -21.86 428.96 -921.91 -119.85 -99.30 -284.05 -24.9139 -1.2462 118.7817
0.003919 -0.005673 0.003114 -21.14 428.44 -922.07 -119.85 -99.30 -284.05 -24.9138 -1.2347 118.7868
0.003919 -0.005673 0.003114 -21.14 428.44 -922.07 -119.85 -99.30 -284.05 -24.9138 -1.2347 118.7868
0.003854 -0.005768 0.003296 -21.86 428.54 -922.29 -119.85 -99.30 -284.05 -24.9131 -1.2423 118.7857
0.003377 -0.006172 0.003252 -22.03 428.81 -921.90 -119.85 -99.30 -284.05 -24.9218 -1.2466 118.7870
0.003232 -0.005954 0.002598 -22.40 429.10 -921.01 -119.85 -99.30 -284.05 -24.9314 -1.2551 118.7779
0.003126 -0.005314 0.002588 -21.16 428.87 -920.48 -119.85 -99.30 -284.05 -24.9344 -1.2358 118.7838
0.003126 -0.005314 0.002588 -21.16 428.87 -920.48 -119.85 -99.30 -284.05 -24.9344 -1.2358 118.7838
0.003103 -0.004697 0.001879 -21.19 429.02 -921.58 -119.85 -99.30 -284.05 -24.9319 -1.2313 118.7781
0.003064 -0.004725 0.001822 -22.12 429.17 -922.81 -119.85 -99.30 -284.05 -24.9293 -1.2420 118.7745
0.003193 -0.004416 0.001752 -22.64 428.85 -922.51 -119.85 -99.30 -284.05 -24.9256 -1.2481 118.7692
0.003122 -0.004355 0.002081 -22.28 429.02 -922.37 -119.85 -99.30 -284.05 -24.9300 -1.2418 118.7722
0.003122 -0.004355 0.002081 -22.28 429.02 -922.37 -119.85 -99.30 -284.05 -24.9300 -1.2418 118.7722
0.003502 -0.004260 0.002079 -22.18 429.28 -921.85 -119.85 -99.30 -284.05 -24.9336 -1.2420 118.7722
0.003616 -0.004155 0.001093 -21.42 429.17 -921.72 -119.85 -99.30 -284.05 -24.9336 -1.2309 118.7669
0.003837 -0.005359 0.001249 -21.64 428.96 -921.66 -119.85 -99.30 -284.05 -24.9317 -1.2427 118.7699
0.004052 -0.005917 0.001470 -21.47 428.65 -921.90 -119.85 -99.30 -284.05 -24.9252 -1.2429 118.7753
0.004052 -0.005917 0.001470 -21.47 428.65 -921.90 -119.85 -99.30 -284.05 -24.9252 -1.2429 118.7753
0.003840 -0.005860 0.001973 -21.84 428.65 -921.83 -119.85 -99.30 -284.05 -24.9248 -1.2494 118.7766
0.003272 -0.005243 0.002522 -21.55 428.86 -921.65 -119.85 -99.30 -284.05 -24.9340 -1.2378 118.7787
0.003145 -0.005360 0.002953 -21.56 429.22 -922.18 -119.85 -99.30 -284.05 -24.9362 -1.2383 118.7828
0.003145 -0.005360 0.002953 -21.56 429.22 -922.18 -119.85 -99.30 -284.05 -24.9362 -1.2383 118.7828
0.002711 -0.005082 0.003044 -21.33 429.24 -922.10 -119.85 -99.30 -284.05 -24.9412 -1.2329 118.7841
0.002423 -0.005024 0.002741 -20.82 429.34 -922.71 -119.85 -99.30 -284.05 -24.9435 -1.2277 118.7865
0.002685 -0.004571 0.002257 -20.46 429.35 -922.38 -119.85 -99.30 -284.05 -24.9456 -1.2198 118.7854
0.002889 -0.004254 0.001879 -20.40 429.15 -922.39 -119.85 -99.30 -284.05 -24.9422 -1.2165 118.7799
0.003103 -0.004684 0.002072 -20.45 429.03 -922.21 -119.85 -99.30 -284.05 -24.9424 -1.2131 118.7859
0.003103 -0.004684 0.002072 -20.45 429.03 -922.21 -119.85 -99.30 -284.05 -24.9424 -1.2131 118.7859
0.003265 -0.005126 0.001667 -20.76 428.45 -921.42 -119.85 -99.30 -284.05 -24.9375 -1.2261 118.7800
0.003574 -0.004930 0.002461 -20.62 428.70 -921.02 -119.85 -99.30 -284.05 -24.9404 -1.2169 118.7877
0.003368 -0.005090 0.002490 -21.11 428.95 -920.50 -119.85 -99.30 -284.05 -24.9450 -1.2186 118.7848
0.002660 -0.005582 0.002273 -21.44 429.37 -921.66 -119.85 -99.30 -284.05 -24.9526 -1.2307 118.7843
0.002660 -0.005582 0.002273 -21.44 429.37 -921.66 -119.85 -99.30 -284.05 -24.9526 -1.2307 118.7843
0.003052 -0.005051 0.002039 -21.54 429.38 -921.57 -119.85 -99.30 -284.05 -24.9552 -1.2254 118.7834
0.003480 -0.004683 0.001789 -22.45 429.15 -921.91 -119.85 -99.30 -284.05 -24.9458 -1.2332 118.7743
0.003296 -0.004851 0.001849 -22.90 428.81 -921.72 -119.85 -99.30 -284.05 -24.9418 -1.2415 118.7725
0.003421 -0.004528 0.002248 -23.17 428.46 -921.87 -119.85 -99.30 -284.05 -24.9385 -1.2457 118.7720
0.004012 -0.004120 0.002529 -22.65 428.38 -921.13 -119.85 -99.30 -284.05 -24.9402 -1.2401 118.7741
0.004012 -0.004120 0.002529 -22.65 428.38 -921.13 -119.85 -99.30 -284.05 -24.9402 -1.2401 118.7741
0.004173 -0.003948 0.002692 -22.22 428.43 -920.73 -119.85 -99.30 -284.05 -24.9397 -1.2322 118.7763
0.004173 -0.003948 0.002692 -22.22 428.43 -920.73 -119.85 -99.30 -284.05 -24.9397 -1.2322 118.7763
0.004589 -0.004063 0.003290 -22.59 428.68 -921.01 -119.85 -99.30 -284.05 -24.9391 -1.2369 118.7790
0.004589 -0.004063 0.003290 -22.59 428.68 -921.01 -119.85 -99.30 -284.05 -24.9391 -1.2369 118.7790
0.004406 -0.004195 0.003063 -23.06 428.87 -920.77 -119.85 -99.30 -284.05 -24.9483 -1.2408 118.7697
0.004315 -0.004355 0.002418 -22.99 429.25 -920.52 -119.85 -99.30 -284.05 -24.9503 -1.2412 118.7694
0.004569 -0.004673 0.002574 -22.85 429.48 -920.94 -119.85 -99.30 -284.05 -24.9447 -1.2420 118.7748
0.004569 -0.004673 0.002574 -22.85 429.48 -920.94 -119.85 -99.30 -284.05 -24.9447 -1.2420 118.7748
0.004367 -0.005093 0.002753 -22.53 429.10 -920.99 -119.85 -99.30 -284.05 -24.9475 -1.2392 118.7778
0.004067 -0.005644 0.002719 -22.03 428.76 -920.42 -119.85 -99.30 -284.05 -24.9489 -1.2399 118.7829
0.004273 -0.006092 0.003008 -21.87 428.55 -920.06 -119.85 -99.30 -284.05 -24.9440 -1.2409 118.7867
0.004194 -0.006141 0.002896 -22.02 428.72 -921.08 -119.85 -99.30 -284.05 -24.9429 -1.2456 118.7827
0.004179 -0.005945 0.002779 -22.10 429.20 -922.03 -119.85 -99.30 -284.05 -24.9483 -1.2406 118.7847
0.004179 -0.005945 0.002779 -22.10 429.20 -922.03 -119.85 -99.30 -284.05 -24.9483 -1.2406 118.7847
0.004729 -0.006239 0.003076 -21.95 429.60 -922.21 -119.85 -99.30 -284.05 -24.9399 -1.2452 118.7898
0.004901 -0.006628 0.002655 -21.82 429.44 -922.86 -119.85 -99.30 -284.05 -24.9355 -1.2462 118.7861
0.005051 -0.006438 0.002293 -21.83 429.36 -923.34 -119.85 -99.30 -284.05 -24.9320 -1.2468 118.7864
0.005051 -0.006438 0.002293 -21.83 429.36 -923.34 -119.85 -99.30 -284.05 -24.9320 -1.2468 118.7864
0.005390 -0.005898 0.001972 -21.82 429.19 -923.12 -119.85 -99.30 -284.05 -24.9270 -1.2421 118.7804
0.005594 -0.005831 0.001943 -21.42 429.46 -923.22 -119.85 -99.30 -284.05 -24.9335 -1.2368 118.7883
0.005365 -0.006445 0.002113 -20.90 429.62 -922.61 -119.85 -99.30 -284.05 -24.9376 -1.2370 118.7903
0.004767 -0.006515 0.001439 -20.04 429.66 -921.77 -119.85 -99.30 -284.05 -24.9512 -1.2225 118.7881
0.004198 -0.006438 0.001055 -19.77 430.02 -921.07 -119.85 -99.30 -284.05 -24.9613 -1.2296 118.7851
0.004198 -0.006438 0.001055 -19.77 430.02 -921.07 -119.85 -99.30 -284.05 -24.9613 -1.2296 118.7851
0.003882 -0.006697 0.001357 -20.44 429.91 -920.57 -119.85 -99.30 -284.05 -24.9608 -1.2372 118.7868
0.003905 -0.006295 0.001583 -20.83 429.60 -920.91 -119.85 -99.30 -284.05 -24.9542 -1.2327 118.7851
0.004354 -0.005851 0.001969 -21.42 429.08 -921.43 -119.85 -99.30 -284.05 -24.9412 -1.2411 118.7863
0.004421 -0.006098 0.001964 -22.03 428.93 -920.88 -119.85 -99.30 -284.05 -24.9538 -1.2497 118.7805
0.004421 -0.006098 0.001964 -22.03 428.93 -920.88 -119.85 -99.30 -284.05 -24.9538 -1.2497 118.7805
0.004173 -0.006055 0.001440 -22.01 429.15 -920.35 -119.85 -99.30 -284.05 -24.9552 -1.2463 118.7774
0.003871 -0.005687 0.001747 -21.39 429.17 -919.46 -119.85 -99.30 -284.05 -24.9687 -1.2323 118.7835
0.003639 -0.005725 0.001770 -20.87 429.23 -918.63 -119.85 -99.30 -284.05 -24.9719 -1.2319 118.7822
0.003858 -0.005770 0.000988 -20.93 429.29 -918.32 -119.85 -99.30 -284.05 -24.9745 -1.2372 118.7731
0.003858 -0.005770 0.000988 -20.93 429.29 -918.32 -119.85 -99.30 -284.05 -24.9745 -1.2372 118.7731
0.004101 -0.005285 0.000515 -21.42 429.17 -918.38 -119.85 -99.30 -284.05 -24.9688 -1.2398 118.7675
0.004479 -0.005179 -0.000223 -21.62 429.17 -918.61 -119.85 -99.30 -284.05 -24.9693 -1.2439 118.7594
0.005025 -0.005533 -0.000417 -21.33 428.69 -918.61 -119.85 -99.30 -284.05 -24.9558 -1.2416 118.7655
0.005025 -0.005533 -0.000417 -21.33 428.69 -918.61 -119.85 -99.30 -284.05 -24.9558 -1.2416 118.7655
0.005140 -0.006089 -0.000566 -21.10 428.52 -919.14 -119.85 -99.30 -284.05 -24.9563 -1.2457 118.7641
0.004473 -0.006264 -0.000419 -21.30 429.00 -919.23 -119.85 -99.30 -284.05 -24.9710 -1.2489 118.7622
0.003881 -0.006068 0.000482 -21.74 429.17 -919.29 -119.85 -99.30 -284.05 -24.9724 -1.2496 118.7659
0.003536 -0.005655 0.000811 -21.53 429.02 -919.30 -119.85 -99.30 -284.05 -24.9463 -1.2389 118.7733
0.003689 -0.005373 0.000516 -20.87 428.00 -919.26 -119.85 -99.30 -284.05 -24.9575 -1.2335 118.7694
0.003286 -0.005108 0.000457 -20.60 427.19 -919.39 -119.85 -99.30 -284.05 -24.9571 -1.2302 118.7702
0.003286 -0.005108 0.000457 -20.60 427.19 -919.39 -119.85 -99.30 -284.05 -24.9571 -1.2302 118.7702
0.003379 -0.004919 -0.000178 -20.48 427.18 -919.50 -119.85 -99.30 -284.05 -24.9559 -1.2296 118.7635
0.003346 -0.004956 -0.000670 -20.48 427.26 -919.54 -119.85 -99.30 -284.05 -24.9567 -1.2310 118.7609
0.003346 -0.004956 -0.000670 -20.48 427.26 -919.54 -119.85 -99.30 -284.05 -24.9567 -1.2310 118.7609
0.003740 -0.004960 -0.000357 -20.82 427.28 -919.79 -119.85 -99.30 -284.05 -24.9523 -1.2330 118.7591
0.003740 -0.004960 -0.000357 -20.82 427.28 -919.79 -119.85 -99.30 -284.05 -24.9523 -1.2330 118.7591
0.003258 -0.005000 -0.000628 -21.17 426.71 -920.09 -119.85 -99.30 -284.05 -24.9437 -1.2388 118.7579
0.002865 -0.005269 -0.000177 -21.62 426.66 -920.14 -119.85 -99.30 -284.05 -24.9495 -1.2441 118.7592
0.002439 -0.005207 -0.000687 -21.99 427.01 -920.27 -119.85 -99.30 -284.05 -24.9543 -1.2498 118.7498
0.002439 -0.005207 -0.000687 -21.99 427.01 -920.27 -119.85 -99.30 -284.05 -24.9543 -1.2498 118.7498
0.002027 -0.005041 -0.001098 -22.01 426.99 -920.69 -119.85 -99.30 -284.05 -24.9526 -1.2494 118.7477
0.002436 -0.004799 -0.001412 -21.27 426.68 -921.23 -119.85 -99.30 -284.05 -24.9418 -1.2387 118.7493
0.002393 -0.005024 -0.001091 -21.32 426.77 -921.81 -119.85 -99.30 -284.05 -24.9419 -1.2436 118.7507
0.003219 -0.004874 -0.001526 -21.98 426.94 -921.35 -119.85 -99.30 -284.05 -24.9392 -1.2527 118.7392
0.003356 -0.005488 -0.002273 -21.71 426.86 -920.50 -119.85 -99.30 -284.05 -24.9408 -1.2547 118.7372
0.003356 -0.005488 -0.002273 -21.71 426.86 -920.50 -119.85 -99.30 -284.05 -24.9408 -1.2547 118.7372
0.003128 -0.005660 -0.001557 -21.16 427.07 -920.77 -119.85 -99.30 -284.05 -24.9421 -1.2464 118.7453
0.003908 -0.006079 -0.000827 -21.73 427.02 -920.51 -119.85 -99.30 -284.05 -24.9357 -1.2582 118.7452
0.003908 -0.006079 -0.000827 -21.73 427.02 -920.51 -119.85 -99.30 -284.05 -24.9357 -1.2582 118.7452
0.003874 -0.006846 -0.001105 -21.93 427.22 -920.21 -119.85 -99.30 -284.05 -24.9403 -1.2662 118.7426
0.003574 -0.006899 0.000182 -22.18 426.84 -920.70 -119.85 -99.30 -284.05 -24.9323 -1.2657 118.7528
0.002871 -0.007622 0.000640 -22.46 427.13 -920.34 -119.85 -99.30 -284.05 -24.9458 -1.2751 118.7535
0.003670 -0.006978 0.000746 -22.88 427.56 -920.78 -119.85 -99.30 -284.05 -24.9387 -1.2760 118.7492
0.003670 -0.006978 0.000746 -22.88 427.56 -920.78 -119.85 -99.30 -284.05 -24.9387 -1.2760 118.7492
0.004042 -0.006685 0.001017 -23.13 427.77 -921.53 -119.85 -99.30 -284.05 -24.9340 -1.2778 118.7496
0.003875 -0.007015 0.001700 -23.16 428.15 -922.14 -119.85 -99.30 -284.05 -24.9366 -1.2798 118.7552
0.003135 -0.006650 0.001381 -22.99 427.93 -921.52 -119.85 -99.30 -284.05 -24.9421 -1.2782 118.7515
0.003628 -0.007291 0.000914 -22.14 427.41 -921.73 -119.85 -99.30 -284.05 -24.9297 -1.2755 118.7572
0.003736 -0.006706 0.000914 -21.35 427.40 -921.65 -119.85 -99.30 -284.05 -24.9304 -1.2630 118.7591
0.003736 -0.006706 0.000914 -21.35 427.40 -921.65 -119.85 -99.30 -284.05 -24.9304 -1.2630 118.7591
0.003906 -0.006145 0.001392 -20.81 427.32 -920.58 -119.85 -99.30 -284.05 -24.9335 -1.2523 118.7627
0.003951 -0.006090 0.001452 -20.69 427.63 -920.21 -119.85 -99.30 -284.05 -24.9376 -1.2506 118.7628
0.004668 -0.005416 0.001887 -20.81 427.65 -920.21 -119.85 -99.30 -284.05 -24.9314 -1.2451 118.7639
0.003982 -0.004425 0.001890 -20.93 427.87 -920.08 -119.85 -99.30 -284.05 -24.9395 -1.2388 118.7599
0.003993 -0.004066 0.002497 -20.18 428.10 -920.50 -119.85 -99.30 -284.05 -24.9394 -1.2233 118.7680
0.003993 -0.004066 0.002497 -20.18 428.10 -920.50 -119.85 -99.30 -284.05 -24.9394 -1.2233 118.7680
0.004259 -0.004682 0.003224 -19.83 428.32 -920.00 -119.85 -99.30 -284.05 -24.9433 -1.2194 118.7760
0.004269 -0.004481 0.003339 -20.27 428.51 -919.71 -119.85 -99.30 -284.05 -24.9466 -1.2207 118.7741
0.004038 -0.005303 0.003176 -19.94 429.03 -919.92 -119.85 -99.30 -284.05 -24.9535 -1.2196 118.7779
0.004308 -0.005959 0.002226 -19.65 429.45 -919.75 -119.85 -99.30 -284.05 -24.9581 -1.2214 118.7751
0.004308 -0.005959 0.002226 -19.65 429.45 -919.75 -119.85 -99.30 -284.05 -24.9581 -1.2214 118.7751
0.005015 -0.005736 0.001096 -19.40 429.21 -919.62 -119.85 -99.30 -284.05 -24.9514 -1.2187 118.7698
0.004351 -0.006343 0.001316 -19.73 429.28 -919.26 -119.85 -99.30 -284.05 -24.9599 -1.2240 118.7716
0.003778 -0.005715 0.002265 -20.15 429.38 -919.16 -119.85 -99.30 -284.05 -24.9668 -1.2204 118.7743
0.003778 -0.005715 0.002265 -20.15 429.38 -919.16 -119.85 -99.30 -284.05 -24.9668 -1.2204 118.7743
0.003808 -0.005736 0.003367 -19.88 428.83 -919.45 -119.85 -99.30 -284.05 -24.9604 -1.2125 118.7856
0.003423 -0.005990 0.003563 -19.61 429.02 -919.40 -119.85 -99.30 -284.05 -24.9676 -1.2086 118.7899
0.003738 -0.005768 0.002553 -20.12 428.60 -920.03 -119.85 -99.30 -284.05 -24.9581 -1.2142 118.7834
0.003931 -0.006136 0.003405 -20.41 428.82 -920.48 -119.85 -99.30 -284.05 -24.9582 -1.2158 118.7898
0.004344 -0.006329 0.003680 -20.77 428.78 -920.87 -119.85 -99.30 -284.05 -24.9533 -1.2192 118.7928
0.004344 -0.006329 0.003680 -20.77 428.78 -920.87 -119.85 -99.30 -284.05 -24.9533 -1.2192 118.7928
0.004922 -0.006091 0.003354 -20.80 428.83 -920.59 -119.85 -99.30 -284.05 -24.9512 -1.2180 118.7909
0.005073 -0.006382 0.003336 -20.73 429.06 -921.21 -119.85 -99.30 -284.05 -24.9491 -1.2187 118.7935
0.004987 -0.005980 0.004514 -20.67 429.94 -920.26 -119.85 -99.30 -284.05 -24.9643 -1.2106 118.7992
0.004987 -0.005980 0.004514 -20.67 429.94 -920.26 -119.85 -99.30 -284.05 -24.9643 -1.2106 118.7992
0.004757 -0.005488 0.004361 -20.63 429.02 -920.16 -119.85 -99.30 -284.05 -24.9569 -1.2065 118.8007
0.004258 -0.005046 0.004515 -21.07 429.52 -919.81 -119.85 -99.30 -284.05 -24.9680 -1.2056 118.7984
0.003841 -0.005464 0.004091 -21.59 429.00 -918.92 -119.85 -99.30 -284.05 -24.9706 -1.2162 118.7959
0.003328 -0.004664 0.003634 -20.91 428.45 -920.51 -119.85 -99.30 -284.05 -24.9638 -1.2033 118.7976
0.003328 -0.004664 0.003634 -20.91 428.45 -920.51 -119.85 -99.30 -284.05 -24.9638 -1.2033 118.7976
0.004313 -0.004686 0.003602 -21.08 427.94 -920.90 -119.85 -99.30 -284.05 -24.9494 -1.2037 118.7991
0.004598 -0.004698 0.003990 -22.00 427.13 -921.45 -119.85 -99.30 -284.05 -24.9326 -1.2131 118.8016
0.003545 -0.004113 0.003212 -22.34 427.07 -922.04 -119.85 -99.30 -284.05 -24.9363 -1.2141 118.7944
0.003946 -0.004263 0.003101 -23.34 427.27 -922.65 -119.85 -99.30 -284.05 -24.9306 -1.2280 118.7897
0.004216 -0.003790 0.003433 -23.08 427.30 -922.33 -119.85 -99.30 -284.05 -24.9293 -1.2211 118.7905
0.004216 -0.003790 0.003433 -23.08 427.30 -922.33 -119.85 -99.30 -284.05 -24.9293 -1.2211 118.7905
0.004635 -0.004237 0.003787 -22.53 427.60 -921.64 -119.85 -99.30 -284.05 -24.9305 -1.2172 118.7963
0.003931 -0.004048 0.003839 -22.36 427.07 -922.26 -119.85 -99.30 -284.05 -24.9255 -1.2133 118.7997
0.003931 -0.004048 0.003839 -22.36 427.07 -922.26 -119.85 -99.30 -284.05 -24.9255 -1.2133 118.7997
0.003905 -0.003880 0.004101 -22.59 427.21 -922.19 -119.85 -99.30 -284.05 -24.9275 -1.2141 118.7996
0.003982 -0.003845 0.004422 -22.58 426.73 -923.43 -119.85 -99.30 -284.05 -24.9124 -1.2125 118.8046
0.003862 -0.004107 0.004343 -22.32 427.08 -923.74 -119.85 -99.30 -284.05 -24.9133 -1.2094 118.8102
0.004055 -0.003577 0.003183 -22.94 427.31 -923.21 -119.85 -99.30 -284.05 -24.9159 -1.2181 118.7959
0.004318 -0.003174 0.003106 -22.81 427.11 -923.26 -119.85 -99.30 -284.05 -24.9084 -1.2148 118.7946
0.004318 -0.003174 0.003106 -22.81 427.11 -923.26 -119.85 -99.30 -284.05 -24.9084 -1.2148 118.7946
0.004557 -0.003205 0.003183 -22.45 427.53 -922.56 -119.85 -99.30 -284.05 -24.9122 -1.2090 118.7966
0.004894 -0.003308 0.002551 -22.14 427.92 -921.70 -119.85 -99.30 -284.05 -24.9189 -1.2099 118.7916
0.005446 -0.002968 0.002993 -22.04 427.95 -921.70 -119.85 -99.30 -284.05 -24.9125 -1.2007 118.7924
0.005446 -0.002968 0.002993 -22.04 427.95 -921.70 -119.85 -99.30 -284.05 -24.9125 -1.2007 118.7924
0.005765 -0.003968 0.003598 -22.24 428.41 -921.73 -119.85 -99.30 -284.05 -24.9146 -1.2082 118.7977
0.006128 -0.004614 0.003809 -22.01 428.51 -921.61 -119.85 -99.30 -284.05 -24.9129 -1.2082 118.8020
0.006003 -0.005521 0.003912 -21.99 428.52 -922.30 -119.85 -99.30 -284.05 -24.9085 -1.2101 118.8074
0.005557 -0.006341 0.003994 -22.90 427.93 -921.48 -119.85 -99.30 -284.05 -24.9071 -1.2261 118.8101
0.005557 -0.006341 0.003994 -22.90 427.93 -921.48 -119.85 -99.30 -284.05 -24.9071 -1.2261 118.8101
0.005398 -0.006658 0.003469 -23.64 428.01 -920.72 -119.85 -99.30 -284.05 -24.9119 -1.2433 118.8012
0.005098 -0.006636 0.003387 -23.42 428.57 -921.22 -119.85 -99.30 -284.05 -24.9144 -1.2432 118.8038
0.004559 -0.006154 0.002934 -23.58 428.89 -920.98 -119.85 -99.30 -284.05 -24.9257 -1.2432 118.7971
0.004809 -0.006012 0.002665 -23.75 428.90 -920.91 -119.85 -99.30 -284.05 -24.9267 -1.2499 118.7930
0.005116 -0.005135 0.002918 -23.90 428.38 -921.15 -119.85 -99.30 -284.05 -24.9186 -1.2475 118.7920
0.005228 -0.004819 0.002756 -23.95 427.77 -920.99 -119.85 -99.30 -284.05 -24.9081 -1.2446 118.7914
0.005228 -0.004819 0.002756 -23.95 427.77 -920.99 -119.85 -99.30 -284.05 -24.9081 -1.2446 118.7914
0.004843 -0.005212 0.002462 -24.24 427.38 -919.91 -119.85 -99.30 -284.05 -24.9109 -1.2550 118.7859
0.004611 -0.005467 0.002565 -24.05 426.99 -919.39 -119.85 -99.30 -284.05 -24.9123 -1.2598 118.7878
0.004611 -0.005467 0.002565 -24.05 426.99 -919.39 -119.85 -99.30 -284.05 -24.9123 -1.2598 118.7878
0.004981 -0.005220 0.002781 -23.51 426.79 -919.00 -119.85 -99.30 -284.05 -24.9102 -1.2549 118.7895
0.005007 -0.004568 0.003365 -23.27 426.40 -918.68 -119.85 -99.30 -284.05 -24.9075 -1.2465 118.7946
0.004874 -0.004211 0.003780 -23.57 426.44 -917.95 -119.85 -99.30 -284.05 -24.9118 -1.2424 118.7938
0.004769 -0.004346 0.003957 -23.81 426.65 -917.61 -119.85 -99.30 -284.05 -24.9147 -1.2516 118.7921
0.004769 -0.004346 0.003957 -23.81 426.65 -917.61 -119.85 -99.30 -284.05 -24.9147 -1.2516 118.7921
0.004505 -0.004220 0.003971 -23.35 426.88 -917.93 -119.85 -99.30 -284.05 -24.9158 -1.2456 118.7939
0.004442 -0.004241 0.003260 -22.81 427.20 -918.66 -119.85 -99.30 -284.05 -24.9163 -1.2395 118.7955
0.004947 -0.004494 0.002418 -22.52 427.85 -919.14 -119.85 -99.30 -284.05 -24.9198 -1.2438 118.7878
0.005116 -0.005044 0.002184 -22.20 428.15 -918.69 -119.85 -99.30 -284.05 -24.9236 -1.2392 118.7883
0.004962 -0.005185 0.001809 -22.09 428.11 -918.29 -119.85 -99.30 -284.05 -24.9270 -1.2493 118.7823
0.004572 -0.005216 0.001689 -22.81 428.32 -917.90 -119.85 -99.30 -284.05 -24.9393 -1.2570 118.7769
0.004572 -0.005216 0.001689 -22.81 428.32 -917.90 -119.85 -99.30 -284.05 -24.9393 -1.2570 118.7769
0.004063 -0.005482 0.001689 -23.32 428.62 -917.64 -119.85 -99.30 -284.05 -24.9454 -1.2657 118.7752
0.003915 -0.005924 0.001652 -23.14 428.75 -917.83 -119.85 -99.30 -284.05 -24.9434 -1.2594 118.7795
0.003895 -0.005927 0.001912 -22.90 428.58 -918.39 -119.85 -99.30 -284.05 -24.9413 -1.2638 118.7800
0.003895 -0.005927 0.001912 -22.90 428.58 -918.39 -119.85 -99.30 -284.05 -24.9413 -1.2638 118.7800
0.003931 -0.005930 0.002402 -23.26 428.65 -918.68 -119.85 -99.30 -284.05 -24.9458 -1.2671 118.7809
0.003733 -0.006275 0.002684 -23.41 428.58 -918.21 -119.85 -99.30 -284.05 -24.9500 -1.2729 118.7825
0.003490 -0.006484 0.002578 -23.29 428.74 -918.38 -119.85 -99.30 -284.05 -24.9544 -1.2709 118.7806
0.003490 -0.006484 0.002578 -23.29 428.74 -918.38 -119.85 -99.30 -284.05 -24.9544 -1.2709 118.7806
0.003150 -0.006673 0.002352 -23.17 428.73 -918.86 -119.85 -99.30 -284.05 -24.9522 -1.2774 118.7823
0.002722 -0.006764 0.002149 -23.16 428.58 -919.36 -119.85 -99.30 -284.05 -24.9571 -1.2768 118.7793
0.002352 -0.006822 0.002025 -22.79 428.93 -919.24 -119.85 -99.30 -284.05 -24.9712 -1.2729 118.7819
0.002202 -0.006822 0.001732 -22.32 429.52 -919.28 -119.85 -99.30 -284.05 -24.9754 -1.2711 118.7772
0.002171 -0.006513 0.001113 -21.92 429.88 -919.80 -119.85 -99.30 -284.05 -24.9794 -1.2649 118.7746
0.002171 -0.006513 0.001113 -21.92 429.88 -919.80 -119.85 -99.30 -284.05 -24.9794 -1.2649 118.7746
0.002348 -0.006473 0.000872 -21.50 429.86 -920.46 -119.85 -99.30 -284.05 -24.9714 -1.2637 118.7778
0.002867 -0.006339 0.001177 -21.61 429.64 -921.04 -119.85 -99.30 -284.05 -24.9671 -1.2646 118.7777
0.003210 -0.006133 0.001371 -21.51 429.62 -921.02 -119.85 -99.30 -284.05 -24.9696 -1.2577 118.7792
0.003210 -0.006133 0.001371 -21.51 429.62 -921.02 -119.85 -99.30 -284.05 -24.9696 -1.2577 118.7792
0.003104 -0.006066 0.000993 -21.29 429.63 -920.43 -119.85 -99.30 -284.05 -24.9772 -1.2603 118.7730
0.003084 -0.006395 0.000398 -21.06 429.75 -920.24 -119.85 -99.30 -284.05 -24.9781 -1.2598 118.7732
0.003354 -0.006736 0.000312 -21.05 429.70 -920.41 -119.85 -99.30 -284.05 -24.9748 -1.2647 118.7732
0.002938 -0.006694 0.000681 -21.44 429.71 -920.58 -119.85 -99.30 -284.05 -24.9836 -1.2665 118.7729
0.002938 -0.006694 0.000681 -21.44 429.71 -920.58 -119.85 -99.30 -284.05 -24.9836 -1.2665 118.7729
0.002724 -0.006361 0.000703 -21.31 429.67 -921.10 -119.85 -99.30 -284.05 -24.9772 -1.2590 118.7733
0.002958 -0.005670 0.000837 -21.30 429.79 -922.37 -119.85 -99.30 -284.05 -24.9735 -1.2559 118.7719
0.002744 -0.005084 0.000621 -21.39 430.45 -922.41 -119.85 -99.30 -284.05 -24.9934 -1.2530 118.7632
0.002619 -0.004696 0.000284 -21.60 430.55 -921.77 -119.85 -99.30 -284.05 -24.9900 -1.2558 118.7586
0.002912 -0.004264 0.000017 -21.69 430.42 -921.65 -119.85 -99.30 -284.05 -24.9915 -1.2516 118.7536
0.003361 -0.004375 -0.000826 -21.53 430.49 -921.70 -119.85 -99.30 -284.05 -24.9885 -1.2554 118.7466
0.003361 -0.004375 -0.000826 -21.53 430.49 -921.70 -119.85 -99.30 -284.05 -24.9885 -1.2554 118.7466
0.003664 -0.004067 -0.001458 -21.75 430.53 -921.67 -119.85 -99.30 -284.05 -24.9902 -1.2567 118.7374
0.003350 -0.004053 -0.001308 -21.45 430.38 -921.46 -119.85 -99.30 -284.05 -24.9932 -1.2489 118.7426
0.003350 -0.004053 -0.001308 -21.45 430.38 -921.46 -119.85 -99.30 -284.05 -24.9932 -1.2489 118.7426
0.003991 -0.005501 -0.001423 -20.77 429.25 -920.70 -119.85 -99.30 -284.05 -24.9851 -1.2552 118.7436
0.003991 -0.005501 -0.001423 -20.77 429.25 -920.70 -119.85 -99.30 -284.05 -24.9851 -1.2552 118.7436
0.004128 -0.005663 -0.000624 -20.93 429.36 -920.46 -119.85 -99.30 -284.05 -24.9834 -1.2524 118.7506
0.004121 -0.005060 -0.000096 -21.39 429.09 -920.64 -119.85 -99.30 -284.05 -24.9786 -1.2536 118.7457
0.004121 -0.005060 -0.000096 -21.39 429.09 -920.64 -119.85 -99.30 -284.05 -24.9786 -1.2536 118.7457
0.004112 -0.005379 0.000137 -21.27 428.99 -921.54 -119.85 -99.30 -284.05 -24.9731 -1.2517 118.7527
0.004310 -0.005472 0.000222 -20.51 429.11 -921.42 -119.85 -99.30 -284.05 -24.9780 -1.2400 118.7544
0.004191 -0.005712 0.000725 -19.56 429.42 -921.08 -119.85 -99.30 -284.05 -24.9836 -1.2279 118.7642
0.003599 -0.006271 0.000803 -19.91 429.54 -921.04 -119.85 -99.30 -284.05 -24.9893 -1.2411 118.7605
0.003417 -0.005529 0.001391 -20.19 429.26 -920.71 -119.85 -99.30 -284.05 -24.9882 -1.2295 118.7634
0.003417 -0.005529 0.001391 -20.19 429.26 -920.71 -119.85 -99.30 -284.05 -24.9882 -1.2295 118.7634
0.003573 -0.004918 0.001991 -20.39 429.07 -920.62 -119.85 -99.30 -284.05 -24.9859 -1.2270 118.7645
0.003203 -0.004906 0.001894 -19.89 429.26 -920.71 -119.85 -99.30 -284.05 -24.9933 -1.2176 118.7668
0.003285 -0.004642 0.001882 -20.32 429.35 -920.66 -119.85 -99.30 -284.05 -24.9928 -1.2229 118.7622
0.003216 -0.004389 0.002143 -21.17 428.80 -921.07 -119.85 -99.30 -284.05 -24.9828 -1.2285 118.7621
0.003960 -0.004468 0.002437 -20.43 428.69 -921.57 -119.85 -99.30 -284.05 -24.9761 -1.2129 118.7711
0.003960 -0.004468 0.002437 -20.43 428.69 -921.57 -119.85 -99.30 -284.05 -24.9761 -1.2129 118.7711
0.004045 -0.004422 0.002430 -19.74 428.57 -921.76 -119.85 -99.30 -284.05 -24.9734 -1.2050 118.7741
0.003860 -0.004712 0.002065 -19.66 428.63 -922.10 -119.85 -99.30 -284.05 -24.9737 -1.2066 118.7735
0.003171 -0.004892 0.001745 -19.99 428.86 -921.38 -119.85 -99.30 -284.05 -24.9874 -1.2108 118.7689
0.003171 -0.004892 0.001745 -19.99 428.86 -921.38 -119.85 -99.30 -284.05 -24.9874 -1.2108 118.7689
0.002756 -0.005092 0.001765 -20.54 429.17 -920.72 -119.85 -99.30 -284.05 -24.9959 -1.2168 118.7666
0.002636 -0.004998 0.002418 -20.63 429.26 -919.89 -119.85 -99.30 -284.05 -25.0026 -1.2117 118.7708
0.002562 -0.004355 0.001928 -20.19 429.11 -919.69 -119.85 -99.30 -284.05 -25.0021 -1.2020 118.7669
0.003010 -0.003979 0.001857 -19.93 429.01 -919.84 -119.85 -99.30 -284.05 -24.9980 -1.1956 118.7681
0.003010 -0.003979 0.001857 -19.93 429.01 -919.84 -119.85 -99.30 -284.05 -24.9980 -1.1956 118.7681
0.003492 -0.003798 0.001747 -19.52 428.64 -920.80 -119.85 -99.30 -284.05 -24.9847 -1.1876 118.7715
0.004145 -0.004977 0.001403 -19.01 428.68 -921.58 -119.85 -99.30 -284.05 -24.9785 -1.1891 118.7768
0.003901 -0.005524 0.000956 -18.69 428.61 -921.71 -119.85 -99.30 -284.05 -24.9789 -1.1878 118.7777
0.003901 -0.005524 0.000956 -18.69 428.61 -921.71 -119.85 -99.30 -284.05 -24.9789 -1.1878 118.7777
0.003584 -0.005202 0.000931 -18.76 428.63 -921.47 -119.85 -99.30 -284.05 -24.9646 -1.2314 118.7731
0.004279 -0.005852 0.000782 -19.70 429.01 -921.18 -119.85 -99.30 -284.05 -24.9827 -1.1997 118.7718
0.004888 -0.005307 0.000715 -19.56 428.80 -920.46 -119.85 -99.30 -284.05 -24.9785 -1.1903 118.7713
0.005202 -0.004555 0.000046 -19.64 428.46 -920.55 -119.85 -99.30 -284.05 -24.9706 -1.1880 118.7646
0.005202 -0.004555 0.000046 -19.64 428.46 -920.55 -119.85 -99.30 -284.05 -24.9706 -1.1880 118.7646
0.005472 -0.003646 0.000506 -19.53 428.55 -920.29 -119.85 -99.30 -284.05 -24.9715 -1.1767 118.7654
0.005046 -0.002797 0.000546 -19.64 428.06 -920.64 -119.85 -99.30 -284.05 -24.9648 -1.1710 118.7635
0.005409 -0.003250 0.001052 -19.36 428.00 -921.28 -119.85 -99.30 -284.05 -24.9578 -1.1663 118.7709
0.005330 -0.002880 0.000501 -19.72 428.19 -921.57 -119.85 -99.30 -284.05 -24.9578 -1.1679 118.7629
0.005574 -0.003813 0.000535 -19.54 428.06 -922.74 -119.85 -99.30 -284.05 -24.9459 -1.1690 118.7694
0.005574 -0.003813 0.000535 -19.54 428.06 -922.74 -119.85 -99.30 -284.05 -24.9459 -1.1690 118.7694
0.005590 -0.004616 0.001172 -19.65 427.81 -922.59 -119.85 -99.30 -284.05 -24.9429 -1.1720 118.7759
0.004892 -0.004769 0.001353 -19.70 427.22 -922.20 -119.85 -99.30 -284.05 -24.9407 -1.1716 118.7787
0.005210 -0.004308 0.002488 -20.28 427.42 -922.09 -119.85 -99.30 -284.05 -24.9397 -1.1703 118.7823
0.005210 -0.004308 0.002488 -20.28 427.42 -922.09 -119.85 -99.30 -284.05 -24.9397 -1.1703 118.7823
0.004896 -0.005498 0.001550 -20.66 427.78 -921.54 -119.85 -99.30 -284.05 -24.9467 -1.1841 118.7769
0.005321 -0.004036 0.002045 -20.90 427.77 -922.32 -119.85 -99.30 -284.05 -24.9368 -1.1750 118.7768
0.005816 -0.004442 0.001897 -20.84 427.99 -922.35 -119.85 -99.30 -284.05 -24.9341 -1.1764 118.7772
0.006257 -0.004008 0.002665 -21.41 428.85 -922.27 -119.85 -99.30 -284.05 -24.9387 -1.1769 118.7765
0.006374 -0.004075 0.003046 -21.59 428.85 -922.12 -119.85 -99.30 -284.05 -24.9361 -1.1776 118.7785
0.005630 -0.004021 0.003598 -21.92 428.62 -920.82 -119.85 -99.30 -284.05 -24.9447 -1.1793 118.7797
0.005630 -0.004021 0.003598 -21.92 428.62 -920.82 -119.85 -99.30 -284.05 -24.9447 -1.1793 118.7797
0.005724 -0.003968 0.002928 -22.23 429.30 -920.70 -119.85 -99.30 -284.05 -24.9509 -1.1839 118.7725
0.005577 -0.003811 0.001838 -22.41 429.34 -920.50 -119.85 -99.30 -284.05 -24.9525 -1.1884 118.7636
0.005338 -0.003789 0.002026 -22.19 429.80 -920.76 -119.85 -99.30 -284.05 -24.9580 -1.1854 118.7644
0.005110 -0.003911 0.001608 -22.96 428.92 -921.03 -119.85 -99.30 -284.05 -24.9485 -1.1965 118.7597
0.005110 -0.003911 0.001608 -22.96 428.92 -921.03 -119.85 -99.30 -284.05 -24.9485 -1.1965 118.7597
0.004924 -0.004456 0.000876 -22.00 429.03 -920.63 -119.85 -99.30 -284.05 -24.9542 -1.1925 118.7595
0.004924 -0.004456 0.000876 -22.00 429.03 -920.63 -119.85 -99.30 -284.05 -24.9542 -1.1925 118.7595
0.005248 -0.004308 0.001129 -21.89 427.89 -919.54 -119.85 -99.30 -284.05 -24.9440 -1.1916 118.7602
0.005248 -0.004308 0.001129 -21.89 427.89 -919.54 -119.85 -99.30 -284.05 -24.9440 -1.1916 118.7602
0.005516 -0.004039 0.001125 -21.99 428.02 -920.56 -119.85 -99.30 -284.05 -24.9376 -1.1911 118.7591
0.005663 -0.004163 0.000555 -21.56 427.67 -920.77 -119.85 -99.30 -284.05 -24.9308 -1.1895 118.7579
0.005992 -0.003798 0.001461 -22.24 427.74 -921.23 -119.85 -99.30 -284.05 -24.9251 -1.1924 118.7587
0.005976 -0.003980 0.001986 -21.80 428.35 -921.45 -119.85 -99.30 -284.05 -24.9277 -1.1857 118.7636
0.005976 -0.003980 0.001986 -21.80 428.35 -921.45 -119.85 -99.30 -284.05 -24.9277 -1.1857 118.7636
0.005103 -0.004712 0.001796 -22.30 428.17 -921.74 -119.85 -99.30 -284.05 -24.9307 -1.1971 118.7630
0.005419 -0.004937 0.001463 -22.52 428.35 -920.48 -119.85 -99.30 -284.05 -24.9352 -1.2046 118.7581
0.005073 -0.004320 0.001477 -22.10 427.99 -920.67 -119.85 -99.30 -284.05 -24.9303 -1.1968 118.7596
0.003946 -0.003912 0.000697 -21.92 428.17 -920.58 -119.85 -99.30 -284.05 -24.9423 -1.1939 118.7524
0.003946 -0.003912 0.000697 -21.92 428.17 -920.58 -119.85 -99.30 -284.05 -24.9423 -1.1939 118.7524
0.004143 -0.004300 0.000420 -21.92 427.65 -921.20 -119.85 -99.30 -284.05 -24.9333 -1.1975 118.7522
0.004566 -0.004320 0.000996 -22.62 426.66 -922.50 -119.85 -99.30 -284.05 -24.9113 -1.2048 118.7559
0.004937 -0.004348 0.001412 -23.16 426.97 -922.24 -119.85 -99.30 -284.05 -24.9099 -1.2109 118.7544
0.004604 -0.004706 0.001221 -23.04 426.87 -922.35 -119.85 -99.30 -284.05 -24.9084 -1.2153 118.7549
0.004606 -0.004402 0.001125 -22.74 427.24 -922.31 -119.85 -99.30 -284.05 -24.9115 -1.2122 118.7534
0.004606 -0.004402 0.001125 -22.74 427.24 -922.31 -119.85 -99.30 -284.05 -24.9115 -1.2122 118.7534
0.004583 -0.004222 0.000535 -21.73 427.00 -922.57 -119.85 -99.30 -284.05 -24.9068 -1.2043 118.7533
0.004374 -0.003802 0.000562 -20.45 425.86 -922.19 -119.85 -99.30 -284.05 -24.8951 -1.1869 118.7596
0.004678 -0.004050 0.001138 -19.72 426.21 -921.11 -119.85 -99.30 -284.05 -24.8995 -1.1734 118.7678
0.004598 -0.004600 0.000897 -20.03 426.62 -920.52 -119.85 -99.30 -284.05 -24.9042 -1.1806 118.7654
0.004598 -0.004600 0.000897 -20.03 426.62 -920.52 -119.85 -99.30 -284.05 -24.9042 -1.1806 118.7654
0.004099 -0.004467 0.001427 -20.54 427.06 -920.48 -119.85 -99.30 -284.05 -24.9117 -1.1829 118.7647
0.003649 -0.004725 0.001547 -20.78 427.33 -920.71 -119.85 -99.30 -284.05 -24.9163 -1.1831 118.7677
0.003520 -0.005076 0.000414 -21.17 427.22 -920.44 -119.85 -99.30 -284.05 -24.9197 -1.1971 118.7588
0.003822 -0.004980 -0.000023 -20.72 426.84 -919.98 -119.85 -99.30 -284.05 -24.9122 -1.1917 118.7557
0.003822 -0.004980 -0.000023 -20.72 426.84 -919.98 -119.85 -99.30 -284.05 -24.9122 -1.1917 118.7557
0.003589 -0.005374 0.000417 -20.53 427.22 -920.21 -119.85 -99.30 -284.05 -24.9190 -1.1915 118.7611
0.003776 -0.005024 0.001052 -20.47 426.97 -920.88 -119.85 -99.30 -284.05 -24.9132 -1.1886 118.7624
0.003776 -0.005024 0.001052 -20.47 426.97 -920.88 -119.85 -99.30 -284.05 -24.9132 -1.1886 118.7624
0.004167 -0.005161 0.002367 -20.43 426.83 -921.66 -119.85 -99.30 -284.05 -24.9034 -1.1771 118.7768
0.003904 -0.005833 0.002518 -21.59 426.61 -922.04 -119.85 -99.30 -284.05 -24.8964 -1.1951 118.7770
0.003716 -0.006199 0.002620 -22.07 427.04 -921.86 -119.85 -99.30 -284.05 -24.9032 -1.2036 118.7763
0.003732 -0.006300 0.002598 -22.28 427.16 -921.43 -119.85 -99.30 -284.05 -24.9056 -1.2103 118.7761
0.003732 -0.006300 0.002598 -22.28 427.16 -921.43 -119.85 -99.30 -284.05 -24.9056 -1.2103 118.7761
0.003715 -0.006146 0.002561 -22.13 427.44 -922.26 -119.85 -99.30 -284.05 -24.9062 -1.2091 118.7751
0.003380 -0.006285 0.002807 -21.53 427.25 -923.46 -119.85 -99.30 -284.05 -24.8978 -1.2065 118.7820
0.002715 -0.006057 0.003307 -20.96 427.00 -924.09 -119.85 -99.30 -284.05 -24.8960 -1.1948 118.7916
0.002958 -0.005973 0.003575 -21.10 427.07 -924.21 -119.85 -99.30 -284.05 -24.8967 -1.1934 118.7960
0.003503 -0.005971 0.003014 -21.48 426.94 -924.33 -119.85 -99.30 -284.05 -24.8835 -1.1964 118.7956
0.003503 -0.005971 0.003014 -21.48 426.94 -924.33 -119.85 -99.30 -284.05 -24.8835 -1.1964 118.7956
0.002435 -0.006079 0.001802 -22.73 427.10 -924.54 -119.85 -99.30 -284.05 -24.8935 -1.2145 118.7838
0.001568 -0.006091 0.001565 -23.22 427.18 -924.45 -119.85 -99.30 -284.05 -24.9021 -1.2312 118.7761
0.001055 -0.005340 0.002134 -23.10 427.26 -923.76 -119.85 -99.30 -284.05 -24.9075 -1.2205 118.7795
0.000820 -0.005445 0.002107 -22.98 426.91 -923.16 -119.85 -99.30 -284.05 -24.9003 -1.2299 118.7768
0.000820 -0.005445 0.002107 -22.98 426.91 -923.16 -119.85 -99.30 -284.05 -24.9003 -1.2299 118.7768
0.001437 -0.006290 0.002473 -22.91 426.20 -923.21 -119.85 -99.30 -284.05 -24.8825 -1.2286 118.7833
0.002573 -0.006699 0.002735 -22.48 425.80 -923.32 -119.85 -99.30 -284.05 -24.8754 -1.2288 118.7960
0.002967 -0.006833 0.002587 -22.38 425.96 -923.65 -119.85 -99.30 -284.05 -24.8748 -1.2325 118.7928
0.002967 -0.006833 0.002587 -22.38 425.96 -923.65 -119.85 -99.30 -284.05 -24.8748 -1.2325 118.7928
0.002918 -0.006650 0.002037 -22.28 425.98 -923.22 -119.85 -99.30 -284.05 -24.8777 -1.2295 118.7906
0.002820 -0.006280 0.001695 -22.30 426.01 -922.76 -119.85 -99.30 -284.05 -24.8766 -1.2348 118.7861
0.002377 -0.005681 0.001424 -22.28 425.92 -921.87 -119.85 -99.30 -284.05 -24.8910 -1.2231 118.7834
0.002210 -0.004581 0.001153 -22.04 426.21 -921.84 -119.85 -99.30 -284.05 -24.8785 -1.2203 118.7774
0.002210 -0.004581 0.001153 -22.04 426.21 -921.84 -119.85 -99.30 -284.05 -24.8785 -1.2203 118.7774
0.002472 -0.004151 0.000818 -22.05 425.82 -922.71 -119.85 -99.30 -284.05 -24.8704 -1.2198 118.7801
0.003026 -0.004337 0.000754 -21.49 425.83 -922.09 -119.85 -99.30 -284.05 -24.8783 -1.2102 118.7807
0.003734 -0.004437 0.000713 -20.86 426.55 -921.58 -119.85 -99.30 -284.05 -24.8762 -1.2064 118.7821
0.003754 -0.004399 0.000721 -20.71 426.65 -920.84 -119.85 -99.30 -284.05 -24.8860 -1.2054 118.7796
0.003754 -0.004399 0.000721 -20.71 426.65 -920.84 -119.85 -99.30 -284.05 -24.8860 -1.2054 118.7796
0.003787 -0.004386 0.000504 -21.03 426.95 -919.93 -119.85 -99.30 -284.05 -24.8905 -1.2130 118.7722
0.004128 -0.004656 -0.000050 -21.56 426.97 -919.64 -119.85 -99.30 -284.05 -24.8822 -1.2236 118.7672
0.004386 -0.004708 -0.000734 -21.96 426.83 -920.04 -119.85 -99.30 -284.05 -24.8802 -1.2274 118.7591
0.004959 -0.004786 -0.001046 -21.93 427.02 -920.20 -119.85 -99.30 -284.05 -24.8762 -1.2269 118.7603
0.004543 -0.004619 -0.000425 -21.46 427.15 -920.15 -119.85 -99.30 -284.05 -24.8859 -1.2131 118.7670
0.004543 -0.004619 -0.000425 -21.46 427.15 -920.15 -119.85 -99.30 -284.05 -24.8859 -1.2131 118.7670
0.004157 -0.004752 0.000041 -20.79 427.02 -919.95 -119.85 -99.30 -284.05 -24.8825 -1.2102 118.7715
0.004692 -0.004867 0.000387 -20.44 427.29 -919.40 -119.85 -99.30 -284.05 -24.8905 -1.2041 118.7724
0.004692 -0.004867 0.000387 -20.44 427.29 -919.40 -119.85 -99.30 -284.05 -24.8905 -1.2041 118.7724
0.004248 -0.003889 -0.002015 -20.83 428.06 -919.61 -119.85 -99.30 -284.05 -24.8976 -1.2091 118.7443
0.004248 -0.003889 -0.002015 -20.83 428.06 -919.61 -119.85 -99.30 -284.05 -24.8976 -1.2091 118.7443
0.004001 -0.003609 -0.002103 -21.49 428.18 -920.04 -119.85 -99.30 -284.05 -24.8984 -1.2218 118.7400
0.004520 -0.003820 -0.001401 -22.45 428.38 -920.38 -119.85 -99.30 -284.05 -24.8946 -1.2280 118.7402
0.004520 -0.003820 -0.001401 -22.45 428.38 -920.38 -119.85 -99.30 -284.05 -24.8946 -1.2280 118.7402
0.004964 -0.003781 -0.000767 -22.79 428.77 -920.06 -119.85 -99.30 -284.05 -24.9037 -1.2280 118.7378
0.004834 -0.003662 -0.000543 -22.58 429.31 -919.67 -119.85 -99.30 -284.05 -24.9127 -1.2224 118.7368
0.004938 -0.003648 -0.000015 -21.88 429.58 -919.86 -119.85 -99.30 -284.05 -24.9115 -1.2109 118.7447
0.004836 -0.003255 0.000123 -21.47 429.22 -919.91 -119.85 -99.30 -284.05 -24.9088 -1.2063 118.7411
0.004836 -0.003255 0.000123 -21.47 429.22 -919.91 -119.85 -99.30 -284.05 -24.9088 -1.2063 118.7411
0.004788 -0.003371 -0.000002 -20.99 429.09 -920.09 -119.85 -99.30 -284.05 -24.9104 -1.2006 118.7448
0.004290 -0.003628 0.000397 -21.02 429.29 -920.04 -119.85 -99.30 -284.05 -24.9209 -1.2042 118.7448
0.004321 -0.003814 0.000526 -21.57 429.84 -919.29 -119.85 -99.30 -284.05 -24.9337 -1.2115 118.7379
0.004321 -0.003814 0.000526 -21.57 429.84 -919.29 -119.85 -99.30 -284.05 -24.9337 -1.2115 118.7379
0.004925 -0.004256 0.000610 -21.81 430.31 -919.04 -119.85 -99.30 -284.05 -24.9324 -1.2146 118.7393
0.004497 -0.004276 0.001187 -21.34 430.44 -919.29 -119.85 -99.30 -284.05 -24.9436 -1.2028 118.7437
0.004497 -0.004276 0.001187 -21.34 430.44 -919.29 -119.85 -99.30 -284.05 -24.9436 -1.2028 118.7437
0.004880 -0.004909 0.000898 -20.67 429.99 -919.23 -119.85 -99.30 -284.05 -24.9332 -1.2035 118.7477
0.004880 -0.004909 0.000898 -20.67 429.99 -919.23 -119.85 -99.30 -284.05 -24.9332 -1.2035 118.7477
0.005486 -0.004620 0.000923 -19.77 430.17 -918.99 -119.85 -99.30 -284.05 -24.9410 -1.1845 118.7498
0.005533 -0.004814 0.000973 -19.54 430.64 -918.81 -119.85 -99.30 -284.05 -24.9478 -1.1883 118.7498
0.004965 -0.005144 0.000407 -19.82 430.49 -918.94 -119.85 -99.30 -284.05 -24.9497 -1.1944 118.7448
0.004583 -0.005422 0.000102 -19.94 430.21 -919.46 -119.85 -99.30 -284.05 -24.9485 -1.1960 118.7457
0.004865 -0.005979 -0.000172 -20.43 429.96 -919.84 -119.85 -99.30 -284.05 -24.9433 -1.2083 118.7425
0.004865 -0.005979 -0.000172 -20.43 429.96 -919.84 -119.85 -99.30 -284.05 -24.9433 -1.2083 118.7425
0.004454 -0.006135 0.000370 -21.01 429.89 -920.25 -119.85 -99.30 -284.05 -24.9472 -1.2116 118.7456
0.004498 -0.006208 0.000755 -20.68 430.20 -920.45 -119.85 -99.30 -284.05 -24.9518 -1.2042 118.7495
0.004528 -0.005488 0.000513 -20.53 430.46 -920.21 -119.85 -99.30 -284.05 -24.9576 -1.1996 118.7428
0.004322 -0.004948 0.000042 -20.30 429.96 -920.18 -119.85 -99.30 -284.05 -24.9524 -1.1945 118.7415
0.004465 -0.004758 -0.000499 -20.70 429.83 -920.70 -119.85 -99.30 -284.05 -24.9500 -1.2019 118.7341
0.004465 -0.004758 -0.000499 -20.70 429.83 -920.70 -119.85 -99.30 -284.05 -24.9500 -1.2019 118.7341
0.004103 -0.004826 -0.000747 -20.82 429.90 -921.50 -119.85 -99.30 -284.05 -24.9511 -1.2020 118.7336
0.004143 -0.005121 -0.000431 -21.40 429.66 -922.21 -119.85 -99.30 -284.05 -24.9441 -1.2119 118.7341
0.004143 -0.005121 -0.000431 -21.40 429.66 -922.21 -119.85 -99.30 -284.05 -24.9441 -1.2119 118.7341
0.004180 -0.004478 -0.000009 -21.78 429.48 -922.42 -119.85 -99.30 -284.05 -24.9430 -1.2084 118.7323
0.004690 -0.003965 0.000190 -21.56 429.58 -922.09 -119.85 -99.30 -284.05 -24.9433 -1.2013 118.7318
0.004145 -0.003368 0.000980 -21.07 429.67 -921.92 -119.85 -99.30 -284.05 -24.9502 -1.1881 118.7376
0.003447 -0.002786 0.001577 -20.82 429.73 -921.68 -119.85 -99.30 -284.05 -24.9583 -1.1796 118.7393
0.002823 -0.002464 0.001560 -20.88 429.42 -921.73 -119.85 -99.30 -284.05 -24.9585 -1.1780 118.7380
0.002823 -0.002464 0.001560 -20.88 429.42 -921.73 -119.85 -99.30 -284.05 -24.9585 -1.1780 118.7380
0.003124 -0.003312 0.002931 -21.34 429.06 -921.73 -119.85 -99.30 -284.05 -24.9547 -1.1823 118.7496
0.003016 -0.003239 0.003085 -22.02 429.37 -922.30 -119.85 -99.30 -284.05 -24.9577 -1.1881 118.7454
0.003016 -0.003239 0.003085 -22.02 429.37 -922.30 -119.85 -99.30 -284.05 -24.9577 -1.1881 118.7454
0.002586 -0.004265 0.002751 -21.99 429.52 -922.51 -119.85 -99.30 -284.05 -24.9624 -1.1944 118.7478
0.002376 -0.003910 0.002287 -21.80 429.12 -923.52 -119.85 -99.30 -284.05 -24.9533 -1.1903 118.7470
0.002376 -0.003910 0.002287 -21.80 429.12 -923.52 -119.85 -99.30 -284.05 -24.9533 -1.1903 118.7470
0.002537 -0.004979 0.002057 -21.31 429.76 -923.47 -119.85 -99.30 -284.05 -24.9640 -1.1923 118.7503
0.003514 -0.005271 0.002469 -20.33 429.60 -922.85 -119.85 -99.30 -284.05 -24.9590 -1.1806 118.7602
0.003514 -0.005271 0.002469 -20.33 429.60 -922.85 -119.85 -99.30 -284.05 -24.9590 -1.1806 118.7602
0.003738 -0.005540 0.002505 -20.05 429.78 -921.97 -119.85 -99.30 -284.05 -24.9650 -1.1780 118.7627
0.003461 -0.005816 0.001894 -20.43 429.77 -921.37 -119.85 -99.30 -284.05 -24.9699 -1.1865 118.7574
0.003461 -0.005816 0.001894 -20.43 429.77 -921.37 -119.85 -99.30 -284.05 -24.9699 -1.1865 118.7574
0.003644 -0.005516 0.001905 -21.06 429.72 -921.31 -119.85 -99.30 -284.05 -24.9690 -1.1909 118.7547
0.003149 -0.005537 0.002199 -20.60 429.35 -920.93 -119.85 -99.30 -284.05 -24.9718 -1.1839 118.7607
0.002902 -0.005690 0.002049 -20.68 428.87 -920.83 -119.85 -99.30 -284.05 -24.9696 -1.1869 118.7612
0.003385 -0.005265 0.002976 -20.90 428.93 -921.05 -119.85 -99.30 -284.05 -24.9672 -1.1833 118.7663
0.003385 -0.005265 0.002976 -20.90 428.93 -921.05 -119.85 -99.30 -284.05 -24.9672 -1.1833 118.7663
0.003610 -0.004972 0.003014 -20.85 428.89 -921.78 -119.85 -99.30 -284.05 -24.9616 -1.1801 118.7679
0.002980 -0.005753 0.002761 -21.14 429.01 -922.12 -119.85 -99.30 -284.05 -24.9665 -1.1890 118.7683
0.003817 -0.006130 0.003082 -21.33 429.13 -922.44 -119.85 -99.30 -284.05 -24.9606 -1.1925 118.7722
0.003875 -0.006819 0.003060 -22.05 428.81 -922.66 -119.85 -99.30 -284.05 -24.9551 -1.2061 118.7727
0.004360 -0.006850 0.003485 -22.27 428.91 -922.41 -119.85 -99.30 -284.05 -24.9540 -1.2086 118.7754
0.004360 -0.006850 0.003485 -22.27 428.91 -922.41 -119.85 -99.30 -284.05 -24.9540 -1.2086 118.7754
0.003946 -0.007470 0.003535 -22.54 429.14 -921.00 -119.85 -99.30 -284.05 -24.9671 -1.2171 118.7754
0.004896 -0.007795 0.003110 -22.69 428.80 -921.52 -119.85 -99.30 -284.05 -24.9529 -1.2244 118.7758
0.004896 -0.007795 0.003110 -22.69 428.80 -921.52 -119.85 -99.30 -284.05 -24.9529 -1.2244 118.7758
0.005211 -0.006932 0.002600 -22.92 428.74 -921.85 -119.85 -99.30 -284.05 -24.9481 -1.2251 118.7701
0.005685 -0.007177 0.001421 -23.13 428.51 -922.02 -119.85 -99.30 -284.05 -24.9400 -1.2351 118.7634
0.005524 -0.006810 0.000714 -22.17 428.76 -921.53 -119.85 -99.30 -284.05 -24.9452 -1.2265 118.7613
0.005090 -0.006275 0.000214 -22.35 429.01 -921.05 -119.85 -99.30 -284.05 -24.9526 -1.2283 118.7540
0.005201 -0.006271 0.000830 -22.71 429.14 -920.70 -119.85 -99.30 -284.05 -24.9550 -1.2322 118.7545
0.005201 -0.006271 0.000830 -22.71 429.14 -920.70 -119.85 -99.30 -284.05 -24.9550 -1.2322 118.7545
0.005851 -0.006695 0.002061 -22.94 428.87 -920.95 -119.85 -99.30 -284.05 -24.9455 -1.2360 118.7631
0.005628 -0.006844 0.002813 -22.95 428.43 -920.74 -119.85 -99.30 -284.05 -24.9432 -1.2372 118.7694
0.005805 -0.006629 0.002888 -22.68 428.70 -921.36 -119.85 -99.30 -284.05 -24.9413 -1.2342 118.7717
0.006367 -0.006442 0.002436 -22.71 428.39 -920.37 -119.85 -99.30 -284.05 -24.9371 -1.2359 118.7676
0.006035 -0.007289 0.002581 -22.58 429.34 -920.55 -119.85 -99.30 -284.05 -24.9475 -1.2407 118.7706
0.006035 -0.007289 0.002581 -22.58 429.34 -920.55 -119.85 -99.30 -284.05 -24.9475 -1.2407 118.7706
0.005665 -0.007485 0.002701 -22.88 429.81 -920.46 -119.85 -99.30 -284.05 -24.9558 -1.2480 118.7703
0.005623 -0.006533 0.002763 -22.44 430.05 -920.08 -119.85 -99.30 -284.05 -24.9618 -1.2376 118.7687
0.006049 -0.006608 0.003293 -22.41 430.17 -919.93 -119.85 -99.30 -284.05 -24.9615 -1.2373 118.7740
0.006159 -0.006020 0.002259 -22.44 430.16 -919.97 -119.85 -99.30 -284.05 -24.9614 -1.2382 118.7649
0.006159 -0.006020 0.002259 -22.44 430.16 -919.97 -119.85 -99.30 -284.05 -24.9614 -1.2382 118.7649
0.006403 -0.005896 0.002170 -22.09 429.78 -919.07 -119.85 -99.30 -284.05 -24.9606 -1.2351 118.7653
0.006409 -0.005763 0.002093 -21.57 429.48 -918.67 -119.85 -99.30 -284.05 -24.9605 -1.2290 118.7667
0.006409 -0.005763 0.002093 -21.57 429.48 -918.67 -119.85 -99.30 -284.05 -24.9605 -1.2290 118.7667
0.006421 -0.006552 0.002935 -20.66 429.21 -919.14 -119.85 -99.30 -284.05 -24.9555 -1.2221 118.7812
0.006080 -0.005924 0.003111 -20.48 428.93 -918.78 -119.85 -99.30 -284.05 -24.9572 -1.2128 118.7837
0.006080 -0.005924 0.003111 -20.48 428.93 -918.78 -119.85 -99.30 -284.05 -24.9572 -1.2128 118.7837
0.005828 -0.005496 0.003167 -21.35 428.73 -919.73 -119.85 -99.30 -284.05 -24.9527 -1.2193 118.7802
