0.001575 -0.005691 0.002447 875.16 -31.49 539.82 84.77 57.92 140.71 175.9167 58.1975 134.8922
0.002136 -0.005693 0.002112 875.28 -31.10 538.75 84.77 65.88 144.18 175.9367 58.2114 134.9171
0.002136 -0.005693 0.002112 875.28 -31.10 538.75 84.77 65.88 144.18 175.9367 58.2114 134.9171
0.000834 -0.005440 0.002138 874.62 -31.58 539.50 86.22 57.03 144.28 175.9338 58.2017 134.8676
0.000834 -0.005440 0.002138 874.62 -31.58 539.50 86.22 57.03 144.28 175.9338 58.2017 134.8676
0.000523 -0.005039 0.002498 874.28 -31.24 539.98 83.31 59.80 142.61 175.9411 58.1918 134.8938
0.000893 -0.004829 0.002958 874.13 -31.43 539.78 86.22 57.78 143.53 175.9369 58.1914 134.8811
0.001359 -0.004791 0.002722 874.27 -31.38 540.55 86.22 57.78 143.53 175.9543 58.1841 134.8911
0.001359 -0.004791 0.002722 874.27 -31.38 540.55 86.22 57.78 143.53 175.9543 58.1841 134.8911
0.001138 -0.004519 0.002474 873.90 -31.99 540.11 88.41 57.94 142.90 175.9408 58.1846 134.8769
0.001026 -0.004044 0.002134 873.85 -31.59 540.12 81.12 58.89 138.87 175.9621 58.1786 134.8956
0.001101 -0.004385 0.002962 874.05 -31.83 539.90 86.95 60.82 140.57 175.9538 58.1807 134.8744
0.000375 -0.005019 0.003410 874.66 -32.19 539.42 83.31 54.58 142.01 175.9382 58.1935 134.8388
-0.000147 -0.005123 0.003571 875.32 -32.43 539.14 85.49 57.73 144.23 175.9207 58.2013 134.8496
-0.000147 -0.005123 0.003571 875.32 -32.43 539.14 85.49 57.73 144.23 175.9207 58.2013 134.8496
0.000455 -0.005038 0.003165 875.67 -32.16 538.56 88.41 56.45 144.40 175.9387 58.2105 134.8737
0.000474 -0.005336 0.003207 875.55 -31.88 538.45 83.31 58.31 142.65 175.9437 58.2151 134.8880
0.000970 -0.005675 0.003061 875.03 -31.61 538.79 82.58 57.51 138.98 175.9576 58.2168 134.9014
0.001623 -0.005365 0.002703 874.63 -31.78 539.19 86.22 62.26 140.50 175.9675 58.2059 134.8964
0.001623 -0.005365 0.002703 874.63 -31.78 539.19 86.22 62.26 140.50 175.9675 58.2059 134.8964
0.001606 -0.005973 0.002397 874.42 -31.40 539.18 84.77 59.91 144.15 175.9863 58.2112 134.8874
0.001643 -0.006413 0.002057 874.77 -31.67 539.93 84.04 55.38 138.36 175.9900 58.2095 134.8837
0.001643 -0.006413 0.002057 874.77 -31.67 539.93 84.04 55.38 138.36 175.9900 58.2095 134.8837
0.001299 -0.007261 0.002791 875.20 -31.59 540.55 87.68 57.14 144.35 175.9926 58.2152 134.8859
0.001299 -0.007261 0.002791 875.20 -31.59 540.55 87.68 57.14 144.35 175.9926 58.2152 134.8859
0.001380 -0.007135 0.002748 875.13 -31.30 540.66 81.85 55.22 139.00 176.0034 58.2158 134.8967
0.001453 -0.006520 0.002544 875.34 -30.86 540.43 81.85 55.22 139.00 176.0330 58.2140 134.9287
0.001453 -0.006520 0.002544 875.34 -30.86 540.43 81.85 55.22 139.00 176.0330 58.2140 134.9287
0.001436 -0.006771 0.002787 875.53 -30.81 540.70 86.22 57.78 143.53 176.0163 58.2157 134.9500
0.001308 -0.006459 0.003352 875.53 -30.94 540.84 87.68 60.13 145.74 176.0334 58.2163 134.9354
0.001395 -0.006291 0.002706 875.06 -30.95 540.73 84.77 52.45 145.05 176.0378 58.2182 134.9438
0.001411 -0.006898 0.002440 875.30 -31.06 540.19 83.31 57.56 147.06 176.0385 58.2303 134.9900
0.001324 -0.006937 0.002348 875.60 -31.38 539.78 84.04 56.87 141.99 176.0311 58.2294 135.0114
0.001324 -0.006937 0.002348 875.60 -31.38 539.78 84.04 56.87 141.99 176.0311 58.2294 135.0114
0.000727 -0.006331 0.002025 875.76 -31.40 539.51 87.68 55.65 141.46 176.0535 58.2344 135.0129
0.000681 -0.006315 0.001574 875.58 -31.09 539.03 86.22 55.54 144.32 176.0525 58.2383 135.0538
0.000711 -0.006322 0.001446 875.94 -31.64 539.14 86.22 59.27 144.96 176.0428 58.2411 135.0573
0.000711 -0.006322 0.001446 875.94 -31.64 539.14 86.22 59.27 144.96 176.0428 58.2411 135.0573
0.000081 -0.005411 0.002700 876.05 -32.69 539.50 82.58 58.25 138.96 176.0062 58.2338 135.0426
0.000081 -0.005411 0.002700 876.05 -32.69 539.50 82.58 58.25 138.96 176.0062 58.2338 135.0426
0.000075 -0.005263 0.002875 875.91 -33.03 539.05 82.58 60.49 138.17 176.0039 58.2384 135.0197
0.000070 -0.005335 0.002361 876.29 -33.55 539.06 82.58 58.25 144.81 175.9956 58.2420 135.0258
0.000070 -0.005335 0.002361 876.29 -33.55 539.06 82.58 58.25 144.81 175.9956 58.2420 135.0258
0.000135 -0.005218 0.002533 876.77 -33.76 538.92 84.04 56.87 139.79 175.9913 58.2481 135.0217
-0.000015 -0.005405 0.002976 877.03 -33.62 538.83 84.04 56.87 139.79 175.9921 58.2512 135.0262
-0.000166 -0.005463 0.002738 877.04 -33.42 539.18 84.04 56.87 139.79 176.0002 58.2460 135.0322
0.000223 -0.004977 0.002306 876.92 -33.21 539.64 89.86 61.78 144.34 176.0246 58.2385 135.0322
0.000875 -0.004913 0.001932 876.33 -32.87 539.61 84.77 55.43 138.40 176.0302 58.2417 135.0333
0.000912 -0.005141 0.001359 876.23 -32.85 539.07 85.49 55.49 143.55 176.0431 58.2542 135.0746
0.000912 -0.005141 0.001359 876.23 -32.85 539.07 85.49 55.49 143.55 176.0431 58.2542 135.0746
0.000483 -0.005535 0.001500 876.11 -32.53 538.52 90.59 58.85 139.32 176.0363 58.2576 135.0418
0.000760 -0.005333 0.001965 875.50 -32.36 538.71 85.49 56.23 142.80 176.0495 58.2439 135.0569
0.000760 -0.005333 0.001965 875.50 -32.36 538.71 85.49 56.23 142.80 176.0495 58.2439 135.0569
0.000817 -0.004976 0.001534 873.88 -32.01 539.34 85.49 55.49 143.55 176.0691 58.2284 135.0800
0.000817 -0.004976 0.001534 873.88 -32.01 539.34 85.49 55.49 143.55 176.0691 58.2284 135.0800
0.000807 -0.005056 0.001270 873.64 -31.73 539.56 89.13 59.49 142.17 176.0851 58.2350 135.0808
0.000758 -0.004902 0.001075 873.28 -32.02 539.46 81.85 52.98 136.85 176.0717 58.2232 135.0784
0.000758 -0.004902 0.001075 873.28 -32.02 539.46 81.85 52.98 136.85 176.0717 58.2232 135.0784
0.000391 -0.004337 0.000913 873.16 -32.52 540.09 88.41 60.18 145.78 176.0733 58.2123 135.0736
0.000509 -0.004068 0.000812 873.34 -32.46 540.04 82.58 59.00 141.87 176.0871 58.2192 135.0908
0.001183 -0.004234 0.001645 873.42 -32.10 540.09 86.95 63.06 144.91 176.0880 58.2112 135.0610
0.001135 -0.004299 0.001884 873.49 -32.05 540.65 86.95 59.33 142.07 176.0910 58.2074 135.0564
0.000997 -0.004514 0.002072 873.95 -32.06 540.73 86.95 59.33 142.07 176.0893 58.2136 135.0454
0.000997 -0.004514 0.002072 873.95 -32.06 540.73 86.95 59.33 142.07 176.0893 58.2136 135.0454
0.001005 -0.004515 0.001880 874.06 -31.76 540.70 81.85 57.45 141.87 176.1108 58.2088 135.0785
0.000892 -0.004982 0.001712 873.82 -31.43 540.72 83.31 56.07 147.83 176.1170 58.2129 135.1178
0.001068 -0.005247 0.001270 873.75 -31.58 541.01 78.94 54.25 142.54 176.1240 58.2068 135.1534
0.001068 -0.005247 0.001270 873.75 -31.58 541.01 78.94 54.25 142.54 176.1240 58.2068 135.1534
0.001424 -0.005152 0.000545 873.27 -32.11 540.82 86.22 64.49 143.37 176.1326 58.2067 135.1328
0.001424 -0.005152 0.000545 873.27 -32.11 540.82 86.22 64.49 143.37 176.1326 58.2067 135.1328
0.001792 -0.005825 0.000353 873.86 -32.15 540.20 81.12 57.40 141.84 176.1432 58.2254 135.1556
0.001513 -0.006456 0.000268 874.32 -32.41 540.49 85.49 55.49 142.82 176.1341 58.2208 135.1597
0.001513 -0.006456 0.000268 874.32 -32.41 540.49 85.49 55.49 142.82 176.1341 58.2208 135.1597
0.001784 -0.006304 0.000624 874.31 -32.66 540.16 85.49 59.22 142.00 176.1355 58.2289 135.1546
0.001952 -0.006663 0.000863 874.52 -32.61 540.00 86.95 63.06 148.57 176.1382 58.2313 135.1492
-0.019798 -0.006372 0.001741 874.99 -32.65 540.47 86.95 56.34 141.41 175.9193 58.2257 135.1424
-0.025038 -0.006331 0.001666 874.94 -32.18 540.44 78.94 61.72 138.70 175.9488 58.2291 135.1566
-0.021747 -0.006531 0.002220 874.84 -32.40 540.15 86.95 55.59 143.62 175.9334 58.2329 135.1424
-0.019173 -0.006033 0.002709 874.72 -32.69 540.14 81.85 59.69 142.55 175.9398 58.2256 135.1452
-0.019173 -0.006033 0.002709 874.72 -32.69 540.14 81.85 59.69 142.55 175.9398 58.2256 135.1452
-0.016904 -0.006625 0.003203 874.67 -32.77 540.14 82.58 59.00 145.53 175.9347 58.2340 135.1463
-0.014758 -0.006913 0.003412 874.15 -33.08 540.14 82.58 59.00 145.53 175.9331 58.2301 135.1477
-0.014758 -0.006913 0.003412 874.15 -33.08 540.14 82.58 59.00 145.53 175.9331 58.2301 135.1477
-0.013236 -0.006522 0.003266 873.49 -32.10 540.90 86.22 58.53 140.59 175.9633 58.2159 135.1923
-0.013236 -0.006522 0.003266 873.49 -32.10 540.90 86.22 58.53 140.59 175.9633 58.2159 135.1923
-0.013222 -0.006055 0.002676 873.53 -31.81 540.66 87.68 60.13 139.16 175.9678 58.2177 135.1840
-0.012715 -0.005878 0.002990 873.49 -31.96 540.55 82.58 55.27 148.54 175.9562 58.2148 135.2124
-0.012715 -0.005878 0.002990 873.49 -31.96 540.55 82.58 55.27 148.54 175.9562 58.2148 135.2124
-0.011157 -0.006336 0.002915 873.94 -32.03 540.24 87.68 57.14 138.49 175.9693 58.2269 135.2122
-0.010623 -0.005481 0.002751 874.45 -32.50 540.11 84.04 56.12 140.54 175.9552 58.2206 135.2086
-0.010359 -0.005305 0.003276 874.29 -32.14 541.03 84.04 58.36 144.15 175.9671 58.2065 135.2272
-0.009415 -0.004680 0.003842 874.03 -31.82 541.61 85.49 59.96 144.18 175.9705 58.1954 135.2229
-0.008644 -0.005648 0.003668 874.13 -32.27 541.05 86.95 60.07 138.39 175.9610 58.2121 135.1897
-0.008644 -0.005648 0.003668 874.13 -32.27 541.05 86.95 60.07 138.39 175.9610 58.2121 135.1897
-0.007356 -0.005673 0.002376 874.00 -32.60 541.20 84.04 57.62 139.77 175.9828 58.2042 135.2022
-0.006316 -0.006160 0.001282 874.10 -31.85 540.56 86.95 57.83 142.83 176.0215 58.2197 135.2495
-0.004980 -0.006737 0.000642 873.89 -31.82 540.01 86.95 63.06 138.32 176.0332 58.2255 135.2160
-0.004032 -0.007257 0.001225 873.60 -32.17 539.51 83.31 54.58 138.35 176.0246 58.2327 135.2124
-0.004032 -0.007257 0.001225 873.60 -32.17 539.51 83.31 54.58 138.35 176.0246 58.2327 135.2124
-0.003434 -0.007618 0.001377 873.34 -31.98 539.69 83.31 54.58 138.35 176.0391 58.2313 135.2337
-0.003243 -0.007102 0.000985 873.34 -31.35 540.42 86.22 54.79 141.41 176.0663 58.2206 135.2741
-0.003643 -0.006513 0.001067 873.56 -31.32 541.59 85.49 55.49 140.63 176.0662 58.2062 135.2806
-0.002531 -0.006732 0.001538 873.54 -31.61 542.05 84.77 59.16 141.24 176.0675 58.2040 135.2641
-0.002937 -0.007119 0.001386 873.98 -31.91 542.44 82.58 59.00 142.60 176.0652 58.2048 135.2688
-0.002937 -0.007119 0.001386 873.98 -31.91 542.44 82.58 59.00 142.60 176.0652 58.2048 135.2688
-0.002082 -0.008024 0.001472 873.54 -32.18 542.36 82.58 57.51 136.05 176.0679 58.2087 135.2518
-0.001444 -0.007480 0.001913 873.49 -31.84 542.41 84.77 59.16 143.43 176.0829 58.2023 135.2640
-0.000428 -0.007405 0.002349 874.39 -32.40 542.67 86.22 57.03 143.55 176.0736 58.2038 135.2534
0.000495 -0.007713 0.002411 874.44 -32.02 542.38 86.22 54.79 145.80 176.0963 58.2093 135.2997
0.000495 -0.007713 0.002411 874.44 -32.02 542.38 86.22 54.79 145.80 176.0963 58.2093 135.2997
0.000202 -0.007120 0.003094 874.22 -32.22 542.73 89.86 61.03 138.51 176.0839 58.1973 135.2450
0.000356 -0.006310 0.003113 874.17 -32.64 541.64 84.04 58.36 140.49 176.0775 58.2032 135.2381
0.000154 -0.007036 0.003074 873.79 -33.21 541.10 89.13 58.00 140.01 176.0654 58.2092 135.2097
0.000154 -0.007036 0.003074 873.79 -33.21 541.10 89.13 58.00 140.01 176.0654 58.2092 135.2097
0.001147 -0.007084 0.003264 873.59 -33.05 540.92 83.31 57.56 143.40 176.0788 58.2097 135.2280
0.000983 -0.006050 0.002772 873.61 -32.38 540.77 82.58 55.27 143.42 176.1015 58.2042 135.2802
0.000948 -0.006135 0.002180 873.82 -32.17 540.90 78.94 57.24 146.13 176.1154 58.2047 135.3261
0.000573 -0.005528 0.002323 874.39 -31.22 541.22 78.94 57.24 146.13 176.1377 58.2006 135.3849
0.000684 -0.005805 0.002251 874.10 -31.79 541.28 83.31 61.29 141.12 176.1298 58.1994 135.3585
0.000684 -0.005805 0.002251 874.10 -31.79 541.28 83.31 61.29 141.12 176.1298 58.1994 135.3585
0.000461 -0.006047 0.001829 873.97 -31.83 541.12 91.32 58.16 147.43 176.1398 58.2018 135.3759
0.000461 -0.006047 0.001829 873.97 -31.83 541.12 91.32 58.16 147.43 176.1398 58.2018 135.3759
0.000635 -0.005223 0.001208 873.50 -31.88 541.14 84.77 58.42 144.18 176.1522 58.1924 135.3933
0.001352 -0.005071 0.001351 873.24 -32.14 540.01 86.22 59.27 145.69 176.1538 58.2002 135.3970
0.000355 -0.005290 0.001258 873.20 -31.75 539.97 86.22 60.02 140.55 176.1614 58.2007 135.3977
0.001041 -0.005788 0.002191 873.47 -32.36 539.38 85.49 60.71 148.55 176.1445 58.2112 135.3835
0.000759 -0.005375 0.001213 873.90 -32.50 539.17 85.49 61.46 144.88 176.1550 58.2131 135.3931
0.000459 -0.005769 0.001949 874.08 -32.13 539.46 86.95 57.09 140.66 176.1581 58.2146 135.3957
0.000459 -0.005769 0.001949 874.08 -32.13 539.46 86.95 57.09 140.66 176.1581 58.2146 135.3957
0.000780 -0.005702 0.001888 873.40 -31.89 539.20 88.41 60.18 141.38 176.1701 58.2133 135.3869
0.000692 -0.006116 0.001487 873.27 -31.49 539.58 86.95 57.83 149.42 176.1875 58.2123 135.4276
0.001037 -0.006821 0.001015 873.72 -30.93 538.83 85.49 56.23 138.41 176.2098 58.2283 135.4545
0.002027 -0.007508 0.000636 874.04 -30.90 539.06 81.85 55.22 140.46 176.2300 58.2351 135.4854
0.002027 -0.007508 0.000636 874.04 -30.90 539.06 81.85 55.22 140.46 176.2300 58.2351 135.4854
0.001676 -0.007549 0.001047 874.46 -30.39 538.81 89.13 57.25 143.68 176.2399 58.2430 135.5043
0.001478 -0.007214 0.001069 873.88 -30.80 538.30 80.40 56.60 143.28 176.2361 58.2437 135.5246
0.001361 -0.007336 0.000883 874.33 -31.05 538.50 80.40 56.60 143.28 176.2408 58.2479 135.5535
0.001159 -0.007365 0.000963 874.30 -32.52 538.04 82.58 58.25 138.96 176.2119 58.2542 135.5205
0.001159 -0.007365 0.000963 874.30 -32.52 538.04 82.58 58.25 138.96 176.2119 58.2542 135.5205
0.001509 -0.007488 0.001986 874.37 -33.08 538.67 85.49 55.49 143.55 176.1913 58.2530 135.5086
0.001949 -0.006627 0.001504 874.49 -32.94 539.68 85.49 57.73 142.04 176.2100 58.2387 135.5226
0.001993 -0.007178 0.002144 874.41 -33.10 539.77 86.22 54.42 147.76 176.2016 58.2416 135.5552
0.001793 -0.007769 0.002281 874.93 -33.09 540.07 84.04 57.03 140.62 176.2021 58.2467 135.5553
0.001793 -0.007769 0.002281 874.93 -33.09 540.07 84.04 57.03 140.62 176.2021 58.2467 135.5553
0.001775 -0.008157 0.002933 875.28 -32.51 539.33 86.95 56.83 142.72 176.2076 58.2622 135.5777
0.001640 -0.007757 0.003487 875.35 -32.33 540.07 89.86 64.02 142.83 176.2065 58.2548 135.5733
0.001509 -0.007056 0.003311 875.46 -31.98 540.14 80.40 54.36 143.56 176.2153 58.2521 135.5525
0.001721 -0.006409 0.003375 875.28 -31.11 540.57 81.85 59.69 148.46 176.2426 58.2430 135.6297
0.001721 -0.006409 0.003375 875.28 -31.11 540.57 81.85 59.69 148.46 176.2426 58.2430 135.6297
0.001885 -0.006483 0.004065 875.02 -31.26 540.91 86.95 53.36 146.48 176.2398 58.2372 135.6347
0.001651 -0.006652 0.004466 875.10 -30.80 540.10 89.86 59.54 144.40 176.2401 58.2469 135.6620
0.002086 -0.006988 0.003217 875.18 -30.90 540.25 81.12 52.92 145.60 176.2611 58.2512 135.6723
0.002086 -0.006988 0.003217 875.18 -30.90 540.25 81.12 52.92 145.60 176.2611 58.2512 135.6723
0.002007 -0.006623 0.002755 875.32 -31.15 540.35 81.12 52.92 145.60 176.2698 58.2484 135.7250
0.001298 -0.006378 0.002705 875.58 -31.38 539.84 86.22 60.02 145.68 176.2612 58.2550 135.7716
0.001351 -0.006663 0.001743 875.24 -31.31 540.47 81.85 58.20 143.32 176.2760 58.2495 135.7866
0.001895 -0.006747 0.001328 875.62 -30.90 540.94 83.31 59.06 138.24 176.3053 58.2504 135.8234
0.001832 -0.006618 0.001342 875.34 -31.27 541.36 81.85 53.72 142.69 176.3033 58.2445 135.8073
0.002428 -0.006536 0.001529 875.11 -31.15 542.05 81.85 52.23 143.46 176.3138 58.2353 135.8399
0.002428 -0.006536 0.001529 875.11 -31.15 542.05 81.85 52.23 143.46 176.3138 58.2353 135.8399
0.002951 -0.006333 0.001197 875.19 -31.04 542.03 79.67 58.04 143.22 176.3272 58.2316 135.8903
0.003401 -0.006834 0.000890 875.05 -30.39 541.44 82.58 57.51 143.37 176.3528 58.2392 135.9338
0.003641 -0.007108 0.000426 875.18 -30.10 541.35 82.58 47.81 139.94 176.3784 58.2453 135.9695
0.003479 -0.006269 0.000136 875.52 -30.15 540.71 84.04 53.14 144.27 176.3871 58.2480 136.0383
0.003479 -0.006269 0.000136 875.52 -30.15 540.71 84.04 53.14 144.27 176.3871 58.2480 136.0383
0.003626 -0.006354 -0.000028 875.83 -30.59 541.01 83.31 57.56 138.28 176.3935 58.2463 136.0751
0.003410 -0.006709 0.000353 875.74 -30.63 541.03 86.95 60.07 135.46 176.3970 58.2501 136.0709
0.003410 -0.006709 0.000353 875.74 -30.63 541.03 86.95 60.07 135.46 176.3970 58.2501 136.0709
0.003232 -0.006407 0.000750 876.00 -30.73 541.09 81.85 58.95 141.83 176.3939 58.2489 136.0321
0.003405 -0.006482 0.000625 875.99 -30.83 541.30 89.86 61.03 140.70 176.3999 58.2461 136.0375
0.003770 -0.006621 0.000677 875.90 -30.70 540.93 85.49 53.99 142.86 176.4138 58.2505 136.0181
0.003657 -0.006914 0.001018 875.41 -30.22 540.76 85.49 53.99 142.86 176.4309 58.2522 136.0533
0.003176 -0.006492 0.000912 875.36 -30.12 540.50 84.04 57.62 141.24 176.4427 58.2553 136.0873
0.003176 -0.006492 0.000912 875.36 -30.12 540.50 84.04 57.62 141.24 176.4427 58.2553 136.0873
0.003317 -0.006200 0.001290 875.57 -29.72 540.95 87.68 60.87 142.80 176.4571 58.2473 136.1025
0.003828 -0.006434 0.001431 876.12 -29.77 541.04 86.95 57.83 138.44 176.4504 58.0084 136.0950
0.003877 -0.006277 0.000964 876.40 -30.40 540.56 86.22 57.03 139.16 176.4660 58.2579 136.0736
0.003812 -0.005854 0.000821 876.65 -30.17 540.59 82.58 57.51 141.17 176.4767 58.2535 136.0865
0.003517 -0.006027 0.000936 876.58 -29.90 540.87 86.95 56.34 143.60 176.4843 58.2609 136.0996
0.003517 -0.006027 0.000936 876.58 -29.90 540.87 86.95 56.34 143.60 176.4843 58.2609 136.0996
0.003508 -0.006054 0.001039 876.40 -29.75 540.52 86.22 49.57 146.65 176.4943 58.2548 136.1860
0.003904 -0.006191 0.001505 875.95 -29.98 540.58 86.95 61.56 144.21 176.4741 58.2625 136.1498
0.003904 -0.006191 0.001505 875.95 -29.98 540.58 86.95 61.56 144.21 176.4741 58.2625 136.1498
0.003955 -0.006434 0.001553 875.52 -30.85 539.60 86.22 52.56 142.92 176.4701 58.2717 136.1762
0.003931 -0.006775 0.001397 875.68 -31.18 538.93 83.31 64.28 146.17 176.4750 58.2863 136.1748
0.003727 -0.006529 0.001159 876.04 -31.00 538.33 88.41 56.45 150.99 176.4887 58.2852 136.2247
0.003557 -0.005996 0.000855 876.02 -30.99 538.13 83.31 51.59 145.00 176.4839 58.2893 136.2660
0.003868 -0.005750 0.000929 875.97 -31.35 538.19 86.22 59.27 142.77 176.4867 58.2804 136.2534
0.003868 -0.005750 0.000929 875.97 -31.35 538.19 86.22 59.27 142.77 176.4867 58.2804 136.2534
0.004156 -0.005590 0.001140 875.78 -31.59 539.09 80.40 58.09 138.86 176.4844 58.2723 136.2447
0.004164 -0.005800 0.001309 875.59 -31.90 539.69 80.40 58.09 138.86 176.4778 58.2715 136.2329
0.004315 -0.006280 0.001371 875.39 -32.30 540.27 78.94 52.76 146.96 176.4762 58.2673 136.2779
0.003750 -0.006377 0.001091 875.42 -32.26 540.23 87.68 57.14 142.15 176.4882 58.2769 136.3055
0.003750 -0.006377 0.001091 875.42 -32.26 540.23 87.68 57.14 142.15 176.4882 58.2769 136.3055
0.003286 -0.006336 0.000544 875.07 -31.69 539.70 84.77 55.43 144.98 176.5095 58.2737 136.3492
0.003505 -0.006615 0.000099 875.07 -31.14 539.84 82.58 56.02 142.67 176.5315 58.2791 136.3902
0.003077 -0.006883 -0.000601 875.64 -31.20 540.11 82.58 57.51 139.71 176.5257 58.2828 136.3915
0.002460 -0.006844 -0.000661 875.38 -31.13 539.72 87.68 57.14 142.89 176.5373 58.2853 136.4115
0.002460 -0.006844 -0.000661 875.38 -31.13 539.72 87.68 57.14 142.89 176.5373 58.2853 136.4115
0.002404 -0.007362 -0.000661 875.29 -30.95 539.35 83.31 58.31 137.53 176.5368 58.2973 136.3990
0.002016 -0.008507 -0.000586 875.45 -31.41 538.93 81.85 61.19 143.24 176.5190 58.3141 136.3845
0.001586 -0.009051 -0.000215 875.59 -31.47 538.72 86.95 58.58 137.69 176.5273 58.3166 136.3749
0.001586 -0.009051 -0.000215 875.59 -31.47 538.72 86.95 58.58 137.69 176.5273 58.3166 136.3749
0.000778 -0.008455 0.000014 874.87 -31.77 539.24 87.68 59.38 141.37 176.5120 58.3056 136.3421
0.000778 -0.008455 0.000014 874.87 -31.77 539.24 87.68 59.38 141.37 176.5120 58.3056 136.3421
0.000985 -0.008179 -0.000080 875.18 -32.10 539.84 81.85 58.20 138.92 176.5132 58.3013 136.3364
0.000663 -0.007753 -0.000096 875.86 -32.20 540.19 83.31 56.82 139.76 176.5100 58.3029 136.3443
0.000575 -0.007912 0.000444 876.03 -31.88 539.90 83.31 56.82 139.76 176.5126 58.3123 136.3526
0.000575 -0.007912 0.000444 876.03 -31.88 539.90 83.31 56.82 139.76 176.5126 58.3123 136.3526
0.000429 -0.007860 0.000101 875.90 -32.21 539.59 84.77 56.18 144.23 176.5014 58.3113 136.3610
0.000172 -0.007782 0.000493 875.56 -33.01 539.83 84.04 57.62 144.90 176.4724 58.3056 136.3407
-0.000260 -0.007139 0.000815 875.00 -33.40 540.23 81.85 54.47 139.01 176.4666 58.2923 136.3512
-0.000271 -0.006354 0.000672 874.81 -33.57 540.59 84.04 56.87 144.18 176.4648 58.2845 136.3624
0.000352 -0.005242 0.000633 874.70 -33.39 540.87 88.41 57.20 142.92 176.4782 58.2707 136.3705
0.000352 -0.005242 0.000633 874.70 -33.39 540.87 88.41 57.20 142.92 176.4782 58.2707 136.3705
0.001354 -0.004403 0.000128 874.22 -32.97 541.68 81.85 59.69 149.13 176.5060 58.2498 136.4080
0.000587 -0.004006 -0.000098 874.40 -32.77 542.09 86.95 60.82 142.76 176.4957 58.2497 136.3961
0.000787 -0.004133 0.000572 874.78 -32.49 542.05 82.58 55.27 135.37 176.5034 58.2495 136.3956
0.000787 -0.004133 0.000572 874.78 -32.49 542.05 82.58 55.27 135.37 176.5034 58.2495 136.3956
0.000646 -0.004089 0.001660 874.73 -32.62 542.20 81.85 58.20 145.51 176.4747 58.2416 136.3820
0.001141 -0.004673 0.001510 875.13 -32.18 542.48 81.12 60.39 143.96 176.5108 58.2468 136.4216
0.001840 -0.005428 0.001121 875.67 -32.21 541.99 84.77 65.13 141.09 176.5026 58.2608 136.3780
0.001840 -0.005428 0.001121 875.67 -32.21 541.99 84.77 65.13 141.09 176.5026 58.2608 136.3780
0.002705 -0.006070 0.001500 875.81 -32.65 541.19 88.41 53.46 137.15 176.4941 58.2706 136.3624
0.003302 -0.006136 0.001251 875.82 -32.88 540.65 88.41 61.67 144.28 176.4999 58.2737 136.3502
0.003118 -0.006445 0.000939 875.56 -32.48 540.24 88.41 65.40 140.53 176.5164 58.2784 136.3264
0.003039 -0.005974 0.000927 875.27 -32.42 539.87 88.41 65.40 140.53 176.5101 58.2748 136.2740
0.003039 -0.005974 0.000927 875.27 -32.42 539.87 88.41 65.40 140.53 176.5101 58.2748 136.2740
0.002578 -0.006344 0.000462 875.04 -32.47 539.86 84.77 56.92 136.90 176.5161 58.2776 136.2740
0.002974 -0.007198 0.000379 874.91 -32.00 539.70 85.49 53.25 145.07 176.5335 58.2874 136.3250
0.003296 -0.007105 0.000398 874.88 -31.38 539.64 87.68 58.63 142.12 176.5511 58.2852 136.3359
0.003319 -0.006390 0.000296 875.02 -31.31 539.39 78.94 58.73 141.70 176.5528 58.2854 136.3507
0.003692 -0.006675 0.000996 874.92 -31.11 538.26 88.41 57.94 146.56 176.5552 58.3027 136.3660
0.003692 -0.006675 0.000996 874.92 -31.11 538.26 88.41 57.94 146.56 176.5552 58.3027 136.3660
0.003822 -0.006833 0.001148 874.58 -31.24 538.01 86.22 57.03 142.09 176.5527 58.3003 136.3639
0.004072 -0.006193 0.000878 874.74 -32.14 538.19 84.77 57.67 141.27 176.5382 58.2969 136.3460
0.004031 -0.006901 0.000208 874.97 -32.52 538.10 84.77 56.18 144.23 176.5438 58.3090 136.3729
0.004246 -0.007385 0.001018 875.09 -32.78 538.36 84.04 61.35 150.66 176.5272 58.3097 136.3642
0.004246 -0.007385 0.001018 875.09 -32.78 538.36 84.04 61.35 150.66 176.5272 58.3097 136.3642
0.003672 -0.007520 0.001360 875.47 -33.72 538.33 83.31 59.06 137.51 176.4953 58.3163 136.3201
0.003745 -0.007807 0.002066 875.52 -33.39 538.94 85.49 56.23 136.95 176.5033 58.3119 136.3149
0.003708 -0.007710 0.002837 875.30 -33.32 539.40 84.77 60.66 145.59 176.4902 58.3074 136.2984
0.003708 -0.007710 0.002837 875.30 -33.32 539.40 84.77 60.66 145.59 176.4902 58.3074 136.2984
0.003861 -0.007131 0.002654 875.62 -33.16 539.33 80.40 55.85 145.50 176.5009 58.3089 136.3443
0.003393 -0.007155 0.003191 875.64 -32.37 539.74 84.04 59.11 149.25 176.5076 58.3049 136.3743
0.002467 -0.007084 0.003465 875.81 -32.99 539.19 84.04 59.11 149.25 176.4740 58.3146 136.3692
0.002555 -0.006764 0.003225 875.85 -33.62 539.39 85.49 59.22 144.20 176.4655 58.3085 136.3571
0.002617 -0.006555 0.002837 875.78 -33.80 539.73 84.04 61.35 138.95 176.4655 58.3046 136.3325
0.002617 -0.006555 0.002837 875.78 -33.80 539.73 84.04 61.35 138.95 176.4655 58.3046 136.3325
0.002334 -0.005949 0.003085 875.69 -33.73 539.76 87.68 58.63 147.24 176.4586 58.3001 136.3367
0.001939 -0.005460 0.002458 875.78 -34.03 539.49 86.22 57.78 139.14 176.4523 58.3007 136.3252
0.001801 -0.004487 0.002928 876.15 -34.14 539.36 84.77 56.92 142.02 176.4395 58.2965 136.3213
0.001801 -0.004487 0.002928 876.15 -34.14 539.36 84.77 56.92 142.02 176.4395 58.2965 136.3213
0.001298 -0.004041 0.002941 876.14 -33.33 539.70 84.04 53.14 143.54 176.4491 58.2894 136.3575
0.001298 -0.004041 0.002941 876.14 -33.33 539.70 84.04 53.14 143.54 176.4491 58.2894 136.3575
0.000788 -0.004214 0.003456 876.21 -33.33 539.45 86.22 55.54 141.39 176.4320 58.2932 136.3540
0.000303 -0.003932 0.003336 876.55 -33.80 539.24 86.95 57.09 141.39 176.4156 58.2945 136.3423
0.001383 -0.004446 0.003045 876.87 -34.11 539.23 83.31 55.32 141.99 176.4159 58.3001 136.3547
0.001383 -0.004446 0.003045 876.87 -34.11 539.23 83.31 55.32 141.99 176.4159 58.3001 136.3547
0.000970 -0.004034 0.003336 876.72 -34.27 539.59 84.77 60.66 144.13 176.4027 58.2919 136.3379
0.000013 -0.004209 0.003405 876.37 -34.32 539.04 85.49 62.20 143.39 176.3880 58.2972 136.3181
0.000773 -0.004376 0.003568 876.31 -33.83 539.16 81.85 56.71 141.16 176.4003 58.2961 136.3390
0.000773 -0.004376 0.003568 876.31 -33.83 539.16 81.85 56.71 141.16 176.4003 58.2961 136.3390
0.000754 -0.004060 0.003264 875.90 -33.14 539.73 81.85 56.71 141.16 176.4121 58.2757 136.1605
0.000506 -0.004487 0.001713 875.89 -33.21 539.34 81.85 56.71 141.16 176.4256 58.2938 136.3963
0.000210 -0.005468 0.001416 875.89 -32.54 539.48 82.58 53.78 139.06 176.4399 58.2991 136.4352
0.000907 -0.006437 0.001420 875.89 -32.43 540.02 84.04 50.90 140.66 176.4471 58.3012 136.4715
0.000907 -0.006437 0.001420 875.89 -32.43 540.02 84.04 50.90 140.66 176.4471 58.3012 136.4715
0.000310 -0.006627 0.002827 875.14 -32.63 540.90 79.67 58.78 136.61 176.4237 58.2889 136.4341
0.000006 -0.006449 0.003761 874.91 -32.92 540.93 83.31 59.06 143.36 176.4029 58.2856 136.4171
-0.000009 -0.006413 0.004603 874.81 -32.64 541.34 86.22 60.02 142.02 176.3976 58.2793 136.3983
0.000422 -0.006574 0.004890 874.53 -31.98 540.55 86.22 56.29 144.30 176.4070 58.2861 136.4250
0.000874 -0.006173 0.005274 874.37 -30.99 540.13 84.77 56.18 136.92 176.4255 58.2854 136.4385
0.000874 -0.006173 0.005274 874.37 -30.99 540.13 84.77 56.18 136.92 176.4255 58.2854 136.4385
0.000904 -0.006045 0.005309 873.75 -30.76 540.33 84.04 59.11 139.01 176.4309 58.2779 136.4303
0.001219 -0.005909 0.006278 873.49 -29.97 539.51 83.31 56.07 139.78 176.4376 58.2831 136.4457
0.000643 -0.004569 0.005590 873.63 -30.31 539.38 81.85 60.44 143.26 176.4340 58.2742 136.4503
0.001496 -0.004285 0.005250 874.03 -29.95 538.53 81.85 56.71 140.42 176.4532 58.2817 136.4821
0.001496 -0.004285 0.005250 874.03 -29.95 538.53 81.85 56.71 140.42 176.4532 58.2817 136.4821
0.002214 -0.004551 0.005811 873.91 -30.60 538.61 84.04 62.09 142.60 176.4406 58.2811 136.4462
0.001810 -0.004686 0.006027 873.71 -31.14 538.78 83.31 56.82 139.03 176.4247 58.2785 136.4306
0.001340 -0.004810 0.005346 873.43 -30.63 538.27 83.31 56.82 139.03 176.4390 58.2825 136.4548
0.001040 -0.004967 0.004724 873.11 -30.54 538.49 81.85 55.22 142.65 176.4460 58.2794 136.4897
0.001259 -0.005382 0.004056 873.03 -30.47 539.15 89.13 60.98 140.67 176.4600 58.2751 136.4732
0.001259 -0.005382 0.004056 873.03 -30.47 539.15 89.13 60.98 140.67 176.4600 58.2751 136.4732
0.001161 -0.005380 0.003408 873.31 -31.06 539.15 76.85 57.82 146.74 176.4538 58.2764 136.5042
0.001161 -0.005380 0.003408 873.31 -31.06 539.15 76.85 57.82 146.74 176.4538 58.2764 136.5042
0.001963 -0.004902 0.002504 873.74 -31.67 538.96 83.31 58.42 139.06 176.4600 58.2780 136.5085
0.001831 -0.004531 0.001716 873.62 -31.32 539.55 89.13 56.99 139.76 176.4781 58.2692 136.5333
0.001831 -0.004531 0.001716 873.62 -31.32 539.55 89.13 56.99 139.76 176.4781 58.2692 136.5333
0.002518 -0.004283 0.001191 873.92 -31.58 540.78 81.85 58.69 146.58 176.4912 58.2550 136.5400
0.002862 -0.004445 0.001220 874.04 -31.23 540.31 81.12 60.39 138.12 176.5053 58.2594 136.5344
0.002862 -0.004445 0.001220 874.04 -31.23 540.31 81.12 60.39 138.12 176.5053 58.2594 136.5344
0.003042 -0.004760 0.000718 874.33 -31.11 539.07 90.59 61.09 134.15 176.5208 58.2736 136.5595
0.003042 -0.004760 0.000718 874.33 -31.11 539.07 90.59 61.09 134.15 176.5208 58.2736 136.5595
0.003428 -0.004468 0.000867 874.26 -31.61 539.07 84.77 56.18 148.62 176.5159 58.2712 136.4941
0.003158 -0.004156 0.000856 874.03 -31.84 539.48 88.41 58.69 146.54 176.4361 58.2753 136.3033
0.003158 -0.004156 0.000856 874.03 -31.84 539.48 88.41 58.69 146.54 176.4361 58.2753 136.3033
0.002752 -0.004330 0.001163 873.84 -32.11 539.05 81.85 54.47 143.40 176.5056 58.2650 136.5221
0.002454 -0.004369 0.001734 873.81 -31.84 539.15 81.85 54.47 143.40 176.5004 58.2646 136.5529
0.003260 -0.004015 0.001591 873.91 -31.90 539.70 84.04 59.11 141.93 176.5085 58.2581 136.5823
0.003553 -0.003706 0.001520 873.71 -31.45 540.22 85.49 63.69 139.70 176.5265 58.2461 136.5944
0.003680 -0.003687 0.001848 873.78 -31.39 540.03 82.58 55.27 146.35 176.5350 58.2470 136.5672
0.003680 -0.003687 0.001848 873.78 -31.39 540.03 82.58 55.27 146.35 176.5350 58.2470 136.5672
0.003379 -0.003874 0.002422 873.56 -31.67 540.16 84.04 57.62 142.70 176.5153 58.2421 136.5800
0.003511 -0.004265 0.002224 873.06 -31.22 539.96 81.85 55.22 139.73 176.5379 58.2452 136.6113
0.003592 -0.004134 0.002519 873.12 -31.75 540.32 88.41 60.18 145.78 176.5243 58.2359 136.6065
0.003736 -0.004469 0.002077 873.41 -32.04 539.88 86.95 62.31 136.14 176.5208 58.2422 136.5977
0.003736 -0.004469 0.002077 873.41 -32.04 539.88 86.95 62.31 136.14 176.5208 58.2422 136.5977
0.003348 -0.004849 0.001768 873.99 -31.75 539.47 87.68 60.87 144.99 176.5372 58.2479 136.5758
0.003093 -0.004954 0.002301 874.88 -32.04 538.77 89.13 59.49 144.36 176.5186 58.2666 136.5615
0.003024 -0.004900 0.002434 874.87 -32.15 539.20 86.22 59.27 142.03 176.5153 58.2578 136.5423
0.002409 -0.005154 0.002172 874.67 -31.75 538.48 84.77 59.16 144.16 176.5246 58.2671 136.5594
0.002924 -0.004844 0.002185 874.96 -32.10 537.70 83.31 55.32 145.65 176.5170 58.2736 136.5565
0.002924 -0.004844 0.002185 874.96 -32.10 537.70 83.31 55.32 145.65 176.5170 58.2736 136.5565
0.002835 -0.004928 0.001999 875.52 -32.02 537.38 92.05 57.47 145.28 176.5268 58.2835 136.5996
0.001946 -0.005215 0.001948 875.24 -32.16 537.24 92.05 57.47 145.28 176.5201 58.2878 136.5956
0.001487 -0.005305 0.001543 874.88 -31.78 536.78 86.95 59.33 139.87 176.5383 58.2921 136.6079
0.001330 -0.005427 0.001414 874.75 -31.31 536.65 82.58 56.76 147.04 176.5316 58.2980 136.6212
0.001330 -0.005427 0.001414 874.75 -31.31 536.65 82.58 56.76 147.04 176.5316 58.2980 136.6212
0.001840 -0.005146 0.001910 874.62 -31.40 536.59 81.85 60.44 141.07 176.5422 58.2985 136.6409
0.001767 -0.004943 0.001768 875.01 -30.80 536.82 83.31 57.56 149.99 176.5716 58.2996 136.6450
0.001767 -0.004943 0.001768 875.01 -30.80 536.82 83.31 57.56 149.99 176.5716 58.2996 136.6450
0.001254 -0.005547 0.000607 875.12 -30.32 536.86 86.22 57.03 142.82 176.5779 58.3062 136.7430
0.001254 -0.005547 0.000607 875.12 -30.32 536.86 86.22 57.03 142.82 176.5779 58.3062 136.7430
0.001390 -0.005356 0.000734 875.05 -30.50 537.31 85.49 57.73 144.96 176.5804 58.3029 136.7574
0.001257 -0.005330 0.000161 874.89 -30.64 537.94 86.95 53.36 144.40 176.5960 58.2963 136.8040
0.001257 -0.005330 0.000161 874.89 -30.64 537.94 86.95 53.36 144.40 176.5960 58.2963 136.8040
0.001258 -0.005133 -0.000265 874.87 -30.78 538.40 81.85 62.68 141.01 176.5860 58.2953 136.7760
0.000848 -0.005486 -0.000452 874.72 -31.29 538.26 82.58 58.25 147.74 176.5823 58.3061 136.8073
0.000003 -0.005914 -0.000145 874.56 -31.39 537.84 86.95 59.33 144.99 176.5633 58.3079 136.7949
-0.000720 -0.005921 0.000421 874.30 -31.50 537.36 88.41 63.16 141.31 176.5585 58.3172 136.7700
-0.000922 -0.005865 0.000691 874.24 -31.59 536.74 84.04 60.60 144.83 176.5461 58.3185 136.7585
-0.000922 -0.005865 0.000691 874.24 -31.59 536.74 84.04 60.60 144.83 176.5461 58.3185 136.7585
-0.000960 -0.005934 0.000954 874.58 -31.59 537.24 79.67 61.77 149.71 176.5578 58.3151 136.7932
-0.001287 -0.005569 0.000892 874.69 -31.44 537.73 79.67 61.77 149.71 176.5459 58.3116 136.8062
-0.001231 -0.004897 0.001241 874.55 -31.92 537.61 84.04 56.87 140.52 176.5307 58.3076 136.7921
-0.001010 -0.004283 0.001503 874.41 -32.21 537.30 83.31 52.34 147.91 176.5332 58.3105 136.8533
-0.001010 -0.004283 0.001503 874.41 -32.21 537.30 83.31 52.34 147.91 176.5332 58.3105 136.8533
-0.000899 -0.003929 0.001559 874.30 -32.26 537.12 88.41 57.20 137.80 176.5237 58.3032 136.8227
-0.000748 -0.004146 0.001780 874.55 -32.54 537.86 82.58 59.00 145.53 176.5166 58.3035 136.8278
-0.000542 -0.004425 0.001502 874.73 -32.47 538.17 84.04 56.87 140.52 176.5366 58.3047 136.8559
0.000109 -0.005100 0.001601 874.99 -32.46 538.29 86.95 60.82 139.84 176.5190 58.3133 136.8068
0.000999 -0.005111 0.002376 875.42 -33.02 538.50 85.49 57.73 141.30 176.5054 58.3079 136.7849
0.000999 -0.005111 0.002376 875.42 -33.02 538.50 85.49 57.73 141.30 176.5054 58.3079 136.7849
0.000999 -0.005111 0.002376 875.42 -33.02 538.50 85.49 57.73 141.30 176.5054 58.3079 136.7849
0.001649 -0.004982 0.002851 875.50 -32.98 538.52 89.86 61.78 142.88 176.5179 58.3121 136.7729
0.002267 -0.004977 0.002290 875.31 -32.75 539.01 89.13 60.98 141.40 176.5366 58.3048 136.8026
0.001937 -0.004738 0.001435 875.37 -31.86 538.95 83.31 58.31 142.65 176.5661 58.3059 136.8520
0.001937 -0.004738 0.001435 875.37 -31.86 538.95 83.31 58.31 142.65 176.5661 58.3059 136.8520
0.001504 -0.004637 0.000605 875.30 -30.94 539.29 80.40 56.60 144.02 176.5919 58.2985 136.9055
0.001192 -0.004484 0.000284 875.35 -30.65 539.35 82.58 57.51 138.98 176.5919 58.3026 136.9123
0.001192 -0.004484 0.000284 875.35 -30.65 539.35 82.58 57.51 138.98 176.5919 58.3026 136.9123
0.001979 -0.005391 0.000559 875.37 -30.35 538.24 89.13 58.74 144.38 176.6024 58.3196 136.9165
0.001979 -0.005391 0.000559 875.37 -30.35 538.24 89.13 58.74 144.38 176.6024 58.3196 136.9165
0.002325 -0.005806 0.001346 875.15 -30.26 538.72 84.04 59.86 146.31 176.6095 58.3128 136.9264
0.001985 -0.005835 0.001913 874.99 -30.18 538.68 89.13 58.74 148.04 176.5997 58.3190 136.9331
0.001985 -0.005835 0.001913 874.99 -30.18 538.68 89.13 58.74 148.04 176.5997 58.3190 136.9331
0.001789 -0.005253 0.001781 874.66 -30.11 538.73 88.41 55.70 150.27 176.6138 58.3054 136.9776
0.002211 -0.005123 0.002114 874.53 -30.55 539.01 86.95 59.33 145.73 176.5941 58.3066 136.9530
0.001930 -0.005402 0.002273 874.72 -31.10 539.10 82.58 61.24 140.35 176.5857 58.3086 136.9347
0.001075 -0.005861 0.002389 874.50 -31.28 539.29 81.85 54.47 145.60 176.5759 58.3074 136.9661
0.000971 -0.005845 0.002498 874.56 -31.95 538.76 82.58 59.75 142.58 176.5514 58.3174 136.9435
0.000971 -0.005845 0.002498 874.56 -31.95 538.76 82.58 59.75 142.58 176.5514 58.3174 136.9435
0.001522 -0.005290 0.002599 874.95 -32.51 538.52 82.58 58.25 145.54 176.5489 58.3127 136.9525
0.001354 -0.005748 0.002978 875.40 -32.37 538.57 89.13 60.98 142.13 176.5474 58.3231 136.9358
0.000837 -0.005307 0.002679 875.18 -32.21 538.64 82.58 58.25 141.89 176.5492 58.3127 136.9460
0.000837 -0.005307 0.002679 875.18 -32.21 538.64 82.58 58.25 141.89 176.5492 58.3127 136.9460
0.001500 -0.004831 0.002868 875.04 -32.02 539.39 84.04 54.63 144.24 176.5545 58.3055 136.9731
0.001500 -0.004831 0.002868 875.04 -32.02 539.39 84.04 54.63 144.24 176.5545 58.3055 136.9731
0.001895 -0.004482 0.003070 875.43 -31.92 540.23 84.77 64.39 144.77 176.5586 58.2904 136.9506
0.002062 -0.004365 0.002981 875.10 -32.07 540.57 84.77 64.39 144.77 176.5546 58.2873 136.9252
0.002062 -0.004365 0.002981 875.10 -32.07 540.57 84.77 64.39 144.77 176.5546 58.2873 136.9252
0.002257 -0.004219 0.003362 875.26 -32.26 540.81 86.22 57.78 142.80 176.5466 58.2823 136.9150
0.001980 -0.005048 0.003734 875.01 -32.29 540.48 78.94 60.97 140.92 176.5407 58.2922 136.9098
0.003152 -0.005894 0.003810 875.22 -32.20 540.13 85.49 59.96 147.11 176.5498 58.3014 136.9173
0.003016 -0.005570 0.003548 874.95 -32.01 539.30 83.31 56.07 142.70 176.5240 58.2943 136.7039
0.003537 -0.004922 0.002410 874.54 -31.86 539.12 82.58 57.51 138.98 176.5773 58.2966 136.9642
0.003537 -0.004922 0.002410 874.54 -31.86 539.12 82.58 57.51 138.98 176.5773 58.2966 136.9642
0.004412 -0.005267 0.002789 874.26 -31.54 539.00 84.04 57.62 141.97 176.5826 58.3012 136.9678
0.004052 -0.005133 0.003516 873.96 -31.64 539.65 81.12 56.65 141.85 176.5674 58.2871 136.9632
0.003991 -0.004560 0.003685 874.11 -31.80 539.98 88.41 58.69 144.35 176.5661 58.2826 136.9586
0.003921 -0.004680 0.003614 874.61 -31.75 540.37 80.40 55.11 138.20 176.5718 58.2815 136.9769
0.003921 -0.004680 0.003614 874.61 -31.75 540.37 80.40 55.11 138.20 176.5718 58.2815 136.9769
0.003123 -0.004322 0.002651 874.81 -31.55 540.58 84.77 58.42 147.84 176.5838 58.2772 137.0153
0.003017 -0.004896 0.002856 874.76 -31.57 540.45 81.85 55.22 144.12 176.5760 58.2824 137.0344
0.002925 -0.004684 0.003412 875.15 -31.46 540.11 81.85 61.93 141.76 176.5728 58.2849 137.0226
0.002612 -0.004742 0.002940 876.01 -31.44 539.76 82.58 58.25 141.15 176.5769 58.2941 137.0370
0.002837 -0.004547 0.003022 876.63 -31.70 539.66 79.67 58.04 141.02 176.5702 58.2959 137.0382
0.002837 -0.004547 0.003022 876.63 -31.70 539.66 79.67 58.04 141.02 176.5702 58.2959 137.0382
0.003530 -0.004537 0.002926 876.74 -31.68 539.41 79.67 58.04 141.02 176.5810 58.2995 137.0557
0.003546 -0.004663 0.002581 876.76 -31.87 539.43 81.85 58.20 144.05 176.5796 58.3002 137.0671
0.004163 -0.005104 0.002856 877.35 -31.66 539.38 81.85 58.95 142.57 176.5865 58.3091 137.0771
0.004019 -0.005110 0.002467 877.15 -31.46 539.60 84.77 60.66 135.35 176.5966 58.3050 137.0531
0.004019 -0.005110 0.002467 877.15 -31.46 539.60 84.77 60.66 135.35 176.5966 58.3050 137.0531
0.004034 -0.004536 0.002440 876.92 -30.96 540.11 83.31 56.07 143.43 176.6118 58.2948 137.0857
0.002925 -0.004950 0.002148 876.39 -30.70 540.16 81.85 56.71 144.81 176.6144 58.2959 137.1196
0.002896 -0.005084 0.002272 876.62 -31.14 540.01 83.31 56.82 141.22 176.6023 58.2999 137.1149
0.002916 -0.004946 0.001573 876.34 -31.51 540.58 82.58 59.75 139.65 176.6075 58.2902 137.1060
0.002916 -0.004946 0.001573 876.34 -31.51 540.58 82.58 59.75 139.65 176.6075 58.2902 137.1060
0.003392 -0.005144 0.001618 875.83 -31.90 540.35 83.31 56.07 143.43 176.6021 58.2921 137.1143
0.002576 -0.005114 0.001618 875.79 -31.41 540.62 84.77 60.66 142.66 176.6132 58.2878 137.1227
0.002576 -0.005114 0.001618 875.79 -31.41 540.62 84.77 60.66 142.66 176.6132 58.2878 137.1227
0.002029 -0.004845 0.001827 875.62 -31.94 541.08 86.22 57.78 142.80 176.5944 58.2794 137.1036
0.001896 -0.006091 0.001810 875.19 -31.39 540.66 85.49 58.47 139.09 176.6077 58.2901 137.1095
0.001775 -0.006227 0.001441 875.86 -31.85 539.90 82.58 57.51 143.37 176.5975 58.3025 137.1182
0.001547 -0.005032 0.001313 875.27 -31.80 539.61 83.31 58.31 138.99 176.6008 58.2928 137.1169
0.001358 -0.005475 0.000983 874.93 -32.12 540.17 82.58 59.00 140.40 176.5967 58.2877 137.1064
0.001358 -0.005475 0.000983 874.93 -32.12 540.17 82.58 59.00 140.40 176.5967 58.2877 137.1064
0.001626 -0.005165 0.001717 874.54 -32.01 540.88 82.58 59.00 140.40 176.5970 58.2757 137.0960
0.001343 -0.004766 0.001601 874.74 -31.70 540.54 84.04 62.84 142.58 176.6026 58.2769 137.0908
0.002043 -0.004270 0.002534 875.24 -31.13 540.14 86.95 53.36 145.87 176.6095 58.2790 137.1295
0.002043 -0.004270 0.002534 875.24 -31.13 540.14 86.95 53.36 145.87 176.6095 58.2790 137.1295
0.000808 -0.003523 0.002378 875.37 -31.08 540.89 84.77 59.91 138.29 176.6049 58.2640 137.1430
0.000808 -0.003523 0.002378 875.37 -31.08 540.89 84.77 59.91 138.29 176.6049 58.2640 137.1430
0.001345 -0.003553 0.000811 875.42 -31.76 541.15 81.12 61.13 145.41 176.6132 58.2607 137.1532
0.001397 -0.004093 0.001556 875.28 -32.52 541.46 83.31 59.06 141.17 176.5894 58.2586 137.1201
0.001397 -0.004093 0.001556 875.28 -32.52 541.46 83.31 59.06 141.17 176.5894 58.2586 137.1201
0.001456 -0.003972 0.000751 875.91 -32.93 540.56 86.22 57.03 144.28 176.5880 58.2687 137.1357
0.001663 -0.004493 0.000552 875.92 -32.51 539.67 83.31 53.83 143.49 176.5990 58.2806 137.1828
0.002173 -0.004459 -0.000185 876.12 -32.51 540.75 82.58 58.25 146.28 176.6128 58.2716 137.2089
0.002592 -0.003974 -0.000832 876.54 -31.83 541.12 86.95 57.09 141.39 176.6407 58.2667 137.2355
0.002094 -0.004259 -0.001192 876.00 -32.19 540.49 84.77 58.42 142.72 176.6362 58.2710 137.2388
0.002094 -0.004259 -0.001192 876.00 -32.19 540.49 84.77 58.42 142.72 176.6362 58.2710 137.2388
0.002598 -0.004219 -0.001345 875.69 -31.95 540.58 84.77 59.16 144.16 176.6506 58.2684 137.2524
0.002456 -0.003654 -0.000903 875.35 -31.64 540.47 83.31 55.32 141.26 176.6545 58.2617 137.2721
0.002004 -0.003897 -0.001133 875.23 -31.33 539.80 83.31 55.32 141.26 176.6614 58.2687 137.3033
0.002144 -0.004143 -0.001093 874.39 -30.74 540.03 86.22 58.53 142.05 176.6806 58.2629 137.3175
0.002815 -0.004071 -0.000194 874.37 -31.04 538.82 83.41 56.07 140.51 176.6701 58.2716 137.3135
0.002815 -0.004071 -0.000194 874.37 -31.04 538.82 83.41 56.07 140.51 176.6701 58.2716 137.3135
0.002748 -0.004450 -0.000650 874.66 -31.57 538.15 81.85 55.70 145.88 176.6669 58.2840 137.3322
0.002593 -0.004005 0.000207 875.12 -31.79 538.53 88.41 58.95 141.83 176.6556 58.2802 137.3209
0.002593 -0.004005 0.000207 875.12 -31.79 538.53 88.41 58.95 141.83 176.6556 58.2802 137.3209
0.001822 -0.003562 0.000437 875.22 -31.28 538.26 82.58 56.45 145.86 176.6587 58.2812 137.3481
0.001509 -0.003166 -0.000079 875.51 -31.61 538.46 88.41 54.21 147.18 176.6592 58.2772 137.4095
0.001115 -0.003587 0.000031 875.89 -31.98 538.48 84.04 56.12 140.79 176.6492 58.2836 137.4125
0.001368 -0.003605 0.000467 875.99 -31.95 538.87 86.22 57.78 146.39 176.6463 58.2810 137.4328
0.001566 -0.003741 0.000479 875.98 -31.93 539.23 86.95 52.61 140.88 176.6492 58.2793 137.4262
0.001271 -0.004060 0.000076 875.64 -31.95 539.58 89.13 60.23 142.88 176.6520 58.2745 137.4657
0.001271 -0.004060 0.000076 875.64 -31.95 539.58 89.13 60.23 142.88 176.6520 58.2745 137.4657
0.001547 -0.004552 -0.000232 875.93 -32.13 539.44 86.95 59.33 142.07 176.6523 58.2836 137.4509
0.002079 -0.004510 -0.000067 875.78 -31.47 539.80 81.12 59.64 146.91 176.6718 58.2778 137.4567
0.002079 -0.004510 -0.000067 875.78 -31.47 539.80 81.12 59.64 146.91 176.6718 58.2778 137.4567
0.002070 -0.005529 -0.000484 876.06 -32.19 540.11 84.04 58.36 144.15 176.6650 58.2869 137.4710
0.002070 -0.005529 -0.000484 876.06 -32.19 540.11 84.04 58.36 144.15 176.6650 58.2869 137.4710
0.002076 -0.005390 -0.000495 875.64 -32.24 540.25 87.68 59.38 140.64 176.5970 58.2842 137.0848
0.002157 -0.006146 -0.000486 875.66 -32.34 540.58 81.85 59.69 146.21 176.6691 58.2841 137.4603
0.002157 -0.006146 -0.000486 875.66 -32.34 540.58 81.85 59.69 146.21 176.6691 58.2841 137.4603
0.001883 -0.006056 0.000141 875.79 -32.68 541.30 84.77 57.67 143.47 176.6501 58.2776 137.4510
0.001933 -0.005881 0.000067 875.41 -32.98 541.25 81.85 56.71 141.16 176.6458 58.2726 137.4487
0.001853 -0.005926 0.000215 875.46 -32.78 540.97 79.67 55.05 141.09 176.6482 58.2754 137.4663
0.002168 -0.006079 -0.000153 875.57 -33.62 540.98 82.58 53.03 142.01 176.6335 58.2767 137.4682
0.002264 -0.006243 -0.000299 874.94 -33.60 540.53 86.22 58.53 143.52 176.6312 58.2803 137.4961
0.002264 -0.006243 -0.000299 874.94 -33.60 540.53 86.22 58.53 143.52 176.6312 58.2803 137.4961
0.002327 -0.005938 -0.000387 874.62 -33.56 540.45 86.95 57.09 142.85 176.6373 58.2766 137.4973
0.002015 -0.005468 0.000111 875.06 -33.31 540.18 82.58 58.25 140.42 176.6343 58.2756 137.5020
0.001567 -0.005462 0.000487 874.35 -33.13 539.32 84.04 56.12 141.27 176.6259 58.2836 137.4949
0.001182 -0.004999 0.000150 874.19 -32.81 539.46 83.31 63.53 142.53 176.6247 58.2764 137.5082
0.001182 -0.004999 0.000150 874.19 -32.81 539.46 83.31 63.53 142.53 176.6247 58.2764 137.5082
0.001674 -0.004951 -0.000155 874.53 -32.45 539.60 87.68 57.89 142.87 176.6482 58.2754 137.5093
0.002336 -0.005196 0.000439 874.62 -32.55 539.66 86.95 60.07 142.05 176.6393 58.2777 137.4962
0.003215 -0.004950 0.001053 874.82 -32.53 540.01 86.22 64.49 137.52 176.6481 58.2765 137.4708
0.003374 -0.004220 0.001407 874.73 -32.25 540.31 86.22 64.49 137.52 176.6427 58.2658 137.4234
0.003179 -0.003456 0.001432 874.56 -32.14 540.15 86.95 59.33 144.26 176.6547 58.2515 137.3721
0.003179 -0.003456 0.001432 874.56 -32.14 540.15 86.95 59.33 144.26 176.6547 58.2515 137.3721
0.003508 -0.003110 0.001125 874.71 -31.75 540.43 82.58 61.99 141.80 176.6759 58.2514 137.3796
0.003353 -0.003206 0.000829 874.30 -31.16 540.22 89.13 59.49 147.29 176.6837 58.2497 137.3850
0.003151 -0.002881 0.000373 874.09 -31.00 539.88 89.86 58.05 141.50 176.6909 58.2474 137.4031
0.003151 -0.002881 0.000373 874.09 -31.00 539.88 89.86 58.05 141.50 176.6909 58.2474 137.4031
0.003267 -0.002687 -0.000017 874.38 -31.14 539.99 86.95 56.34 145.06 176.7005 58.2443 137.4227
0.002553 -0.003018 -0.000471 874.82 -30.95 540.16 86.22 56.29 139.18 176.7032 58.2546 137.4334
0.002348 -0.003837 -0.000983 874.98 -30.95 540.17 85.49 51.01 146.59 176.7155 58.2520 137.4883
0.002628 -0.004192 -0.000687 874.90 -30.94 540.90 84.04 47.92 142.20 176.7068 58.2430 137.5298
0.002673 -0.003680 0.000062 874.80 -31.15 541.46 84.77 59.16 140.50 176.6989 58.2304 137.5056
0.002673 -0.003680 0.000062 874.80 -31.15 541.46 84.77 59.16 140.50 176.6989 58.2304 137.5056
0.002535 -0.003232 0.000672 874.91 -31.43 541.44 82.58 56.76 144.85 176.6828 58.2367 137.5142
0.002551 -0.003789 0.001340 875.36 -31.32 541.31 82.58 59.75 139.65 176.6939 58.2393 137.5103
0.002459 -0.004297 0.001292 875.23 -30.67 541.35 86.95 57.83 143.57 176.7127 58.2404 137.5394
0.002459 -0.004297 0.001292 875.23 -30.67 541.35 86.95 57.83 143.57 176.7127 58.2404 137.5394
0.001853 -0.004567 -0.000037 874.80 -30.29 541.19 79.67 52.82 136.75 176.7280 58.2391 137.6024
0.001853 -0.004567 -0.000037 874.80 -30.29 541.19 79.67 52.82 136.75 176.7280 58.2391 137.6024
0.000949 -0.004511 -0.000127 874.94 -30.00 541.48 84.77 56.18 142.04 176.7348 58.2322 137.6257
0.000612 -0.004629 -0.000559 875.65 -30.04 541.44 84.77 53.94 139.90 176.7330 58.2497 137.6448
0.000612 -0.004629 -0.000559 875.65 -30.04 541.44 84.77 53.94 139.90 176.7330 58.2497 137.6448
0.000483 -0.005030 -0.000946 876.21 -30.51 540.54 84.04 58.36 143.42 176.7296 58.2612 137.6545
-0.000072 -0.005185 -0.000825 876.33 -30.97 540.24 81.12 56.65 143.32 176.7054 58.2578 137.6507
0.000207 -0.005639 -0.000100 875.99 -31.16 540.80 84.04 56.12 143.47 176.7166 58.2542 137.6678
0.000728 -0.006530 0.000629 875.46 -30.49 541.25 84.77 54.69 142.80 176.7273 58.2560 137.6962
0.000728 -0.006530 0.000629 875.46 -30.49 541.25 84.77 54.69 142.80 176.7273 58.2560 137.6962
0.000553 -0.006657 0.000371 874.91 -30.42 541.66 89.86 58.05 142.24 176.7250 58.2444 137.6809
0.000865 -0.006111 0.000308 874.69 -30.89 541.75 88.41 61.67 141.35 176.7175 58.2430 137.6403
0.001261 -0.005903 0.000312 874.75 -31.21 541.57 86.95 54.85 143.64 176.7224 58.2432 137.6610
0.001593 -0.006260 0.000287 874.40 -31.41 541.56 85.49 59.96 139.79 176.7160 58.2424 137.6288
0.002420 -0.006316 0.000863 874.25 -31.56 541.84 82.58 61.99 142.53 176.7193 58.2359 137.6087
0.002420 -0.006316 0.000863 874.25 -31.56 541.84 82.58 61.99 142.53 176.7193 58.2359 137.6087
0.002749 -0.006266 0.001711 874.41 -30.96 541.85 81.12 58.15 141.82 176.7284 58.2406 137.6282
0.003126 -0.005763 0.002163 874.61 -30.22 541.72 87.68 57.14 144.35 176.7447 58.2336 137.6465
0.003715 -0.005399 0.002050 874.61 -29.75 541.74 83.31 59.06 144.10 176.7633 58.2326 137.6672
0.003769 -0.005562 0.002637 874.27 -30.47 540.94 83.31 59.06 144.10 176.7135 58.2433 137.6195
0.002700 -0.005616 0.002544 874.43 -30.89 540.32 86.22 60.02 144.94 176.7234 58.2462 137.6410
0.002700 -0.005616 0.002544 874.43 -30.89 540.32 86.22 60.02 144.94 176.7234 58.2462 137.6410
0.002053 -0.004896 0.002863 874.84 -30.67 540.50 82.58 50.79 141.33 176.7111 58.2378 137.6674
0.001385 -0.004889 0.002882 874.96 -30.93 540.24 80.40 55.85 144.03 176.6981 58.2476 137.6889
0.000769 -0.004707 0.003091 875.26 -31.81 540.25 80.40 61.82 143.89 176.6629 58.2415 137.6494
0.000769 -0.004707 0.003091 875.26 -31.81 540.25 80.40 61.82 143.89 176.6629 58.2415 137.6494
0.000968 -0.004319 0.002942 875.53 -32.18 540.20 84.04 56.87 145.65 176.6726 58.2447 137.6792
0.001411 -0.004249 0.003305 875.29 -32.24 540.13 92.05 57.47 148.94 176.6578 58.2398 137.6649
0.001411 -0.004249 0.003305 875.29 -32.24 540.13 92.05 57.47 148.94 176.6578 58.2398 137.6649
0.001727 -0.004044 0.003761 875.37 -32.26 539.66 87.68 59.38 144.30 176.6563 58.2484 137.6615
0.002836 -0.003573 0.003557 875.83 -31.59 539.59 83.31 62.79 144.74 176.6757 58.2416 137.6623
0.002836 -0.003573 0.003557 875.83 -31.59 539.59 83.31 62.79 144.74 176.6757 58.2416 137.6623
0.003008 -0.003884 0.003083 875.84 -31.60 539.91 86.22 59.27 140.57 176.6830 58.2465 137.6568
0.002588 -0.003820 0.003362 875.71 -31.65 539.45 85.49 65.19 140.40 176.6657 58.2487 137.6028
0.002588 -0.003820 0.003362 875.71 -31.65 539.45 85.49 65.19 140.40 176.6657 58.2487 137.6028
0.002408 -0.004550 0.003292 875.33 -31.67 539.34 85.49 57.73 144.23 176.6703 58.2530 137.6141
0.001987 -0.004180 0.003341 875.31 -31.42 539.33 84.04 56.87 150.04 176.6687 58.2497 137.6498
0.002060 -0.003490 0.004044 875.68 -31.02 539.94 84.77 59.16 144.89 176.6698 58.2385 137.6497
0.001808 -0.004177 0.003473 875.32 -30.94 540.29 84.77 59.16 144.89 176.6761 58.2421 137.6617
0.001808 -0.004177 0.003473 875.32 -30.94 540.29 84.77 59.16 144.89 176.6761 58.2421 137.6617
0.001938 -0.004646 0.002444 875.61 -31.01 540.17 84.77 55.43 141.32 176.6861 58.2497 137.6849
0.002363 -0.004610 0.002156 876.00 -31.40 539.87 83.31 56.82 141.95 176.6776 58.2544 137.6827
0.002110 -0.004883 0.001453 875.85 -32.12 539.68 81.85 55.96 149.22 176.6668 58.2576 137.7115
0.002128 -0.005148 0.000722 875.35 -32.31 539.90 88.41 51.97 147.43 176.6781 58.2536 137.7597
0.002324 -0.005249 0.000736 875.19 -32.55 539.83 83.31 59.80 146.27 176.6667 58.2567 137.7532
0.002324 -0.005249 0.000736 875.19 -32.55 539.83 83.31 59.80 146.27 176.6667 58.2567 137.7532
0.002319 -0.004927 0.001582 874.86 -32.17 539.74 84.04 57.62 141.24 176.6680 58.2520 137.7540
0.002680 -0.004845 0.002045 874.48 -31.76 540.27 87.68 56.40 142.17 176.6744 58.2428 137.7534
0.002251 -0.004535 0.002062 874.36 -32.27 539.91 86.22 55.54 141.39 176.6525 58.2466 137.7414
0.001639 -0.004603 0.002298 875.02 -32.41 538.68 86.22 57.78 145.00 176.6429 58.2655 137.7519
0.001071 -0.005032 0.002863 875.16 -32.24 538.27 84.04 56.87 144.91 176.6316 58.2709 137.7604
0.001071 -0.005032 0.002863 875.16 -32.24 538.27 84.04 56.87 144.91 176.6316 58.2709 137.7604
0.000872 -0.005377 0.003146 875.05 -31.79 538.78 81.12 56.65 143.32 176.6371 58.2677 137.7834
0.000520 -0.004950 0.003542 875.18 -31.53 540.01 85.49 58.47 142.75 176.6337 58.2526 137.7742
0.000280 -0.005076 0.002928 874.87 -31.19 540.26 86.22 58.53 146.44 176.6464 58.2529 137.7987
0.000297 -0.005174 0.002911 874.40 -30.78 540.94 86.22 58.53 146.44 176.6550 58.2422 137.8107
0.000297 -0.005174 0.002911 874.40 -30.78 540.94 86.22 58.53 146.44 176.6550 58.2422 137.8107
0.000223 -0.006208 0.002701 873.72 -31.15 541.00 80.40 57.35 143.27 176.6433 58.2467 137.8123
0.000591 -0.005647 0.002671 873.14 -31.38 540.92 80.40 57.35 138.88 176.6444 58.2380 137.8102
0.000591 -0.005647 0.002671 873.14 -31.38 540.92 80.40 57.35 138.88 176.6444 58.2380 137.8102
0.002159 -0.005652 0.002362 872.95 -30.88 541.67 83.31 60.55 141.13 176.6698 58.2285 137.8102
0.002159 -0.005652 0.002362 872.95 -30.88 541.67 83.31 60.55 141.13 176.6698 58.2285 137.8102
0.001706 -0.006044 0.002799 873.28 -30.57 540.78 84.04 55.38 147.88 176.6695 58.2414 137.8506
0.001014 -0.006281 0.002510 873.38 -31.43 540.60 82.58 58.25 144.81 176.6457 58.2430 137.8395
0.001014 -0.006281 0.002510 873.38 -31.43 540.60 82.58 58.25 144.81 176.6457 58.2430 137.8395
0.001085 -0.006373 0.003481 873.25 -31.66 540.59 90.59 58.10 146.66 176.6299 58.2421 137.8200
0.000814 -0.006451 0.003828 873.64 -31.85 540.25 82.58 55.27 138.30 176.6171 58.2487 137.8151
-0.000273 -0.006977 0.004190 874.15 -31.86 539.71 86.22 57.03 147.21 176.6026 58.2611 137.8287
0.000174 -0.007026 0.003404 874.70 -31.75 539.54 81.85 54.47 144.14 176.6134 58.2673 137.8702
0.000798 -0.006341 0.002855 874.75 -32.32 539.69 81.85 56.71 147.01 176.6075 58.2624 137.8846
0.000415 -0.006175 0.002589 874.58 -32.15 539.77 89.86 60.29 142.91 176.6106 58.2605 137.8696
0.000415 -0.006175 0.002589 874.58 -32.15 539.77 89.86 60.29 142.91 176.6106 58.2605 137.8696
-0.000215 -0.005799 0.001791 874.97 -32.00 538.80 86.22 62.26 143.43 176.6136 58.2717 137.8667
0.000657 -0.006065 0.002318 875.26 -32.21 539.28 86.22 58.53 142.78 176.6069 58.2702 137.8454
0.000657 -0.006065 0.002318 875.26 -32.21 539.28 86.22 58.53 142.78 176.6069 58.2702 137.8454
0.000161 -0.006877 0.002010 874.87 -32.82 539.17 86.22 58.53 142.78 176.5904 58.2766 137.8258
-0.000787 -0.007368 0.002309 875.42 -33.21 539.45 86.95 56.34 143.60 176.5681 58.2821 137.8166
-0.000468 -0.007453 0.002342 875.38 -33.36 539.47 83.31 60.55 146.26 176.5615 58.2845 137.8115
0.000566 -0.007091 0.001910 875.82 -33.86 539.74 83.31 56.82 144.15 176.5589 58.2836 137.8152
0.000566 -0.007091 0.001910 875.82 -33.86 539.74 83.31 56.82 144.15 176.5589 58.2836 137.8152
0.001224 -0.007099 0.002315 876.59 -34.15 539.28 84.77 56.18 139.84 176.5472 58.2946 137.8015
0.000989 -0.007125 0.001585 876.63 -33.91 539.54 81.85 55.96 146.30 176.5568 58.2949 137.8426
0.001251 -0.007420 0.002382 876.47 -33.41 539.45 83.31 59.80 145.54 176.5560 58.2995 137.8437
0.001027 -0.006877 0.002270 876.78 -33.25 539.54 88.41 53.46 137.88 176.5552 58.2985 137.8449
0.001027 -0.006877 0.002270 876.78 -33.25 539.54 88.41 53.46 137.88 176.5552 58.2985 137.8449
0.001303 -0.007063 0.001775 876.24 -33.10 539.82 83.31 57.56 140.47 176.5642 58.2967 137.8486
0.001124 -0.006239 0.002236 876.50 -32.18 539.69 82.58 57.51 143.37 176.5745 58.2953 137.8728
0.000362 -0.005656 0.001367 876.64 -32.80 539.10 81.12 52.18 139.03 176.5631 58.2984 137.8965
0.000473 -0.006290 0.000931 876.90 -33.05 539.51 86.22 59.27 141.30 176.5637 58.3031 137.8824
0.000551 -0.005994 0.000877 876.38 -32.43 540.67 84.04 54.63 141.31 176.5775 58.2888 137.9068
0.000551 -0.005994 0.000877 876.38 -32.43 540.67 84.04 54.63 141.31 176.5775 58.2888 137.9068
0.001453 -0.005447 0.000912 876.70 -32.74 540.64 84.04 59.11 141.20 176.5774 58.2878 137.8907
0.001463 -0.004632 0.000757 876.66 -32.76 540.62 84.04 59.11 141.20 176.5790 58.2813 137.8846
0.001643 -0.004567 0.000744 876.94 -33.14 540.41 84.35 59.11 141.20 176.5720 58.2831 137.8668
0.001643 -0.004567 0.000744 876.94 -33.14 540.41 84.35 59.11 141.20 176.5720 58.2831 137.8668
0.001000 -0.005236 0.000200 876.77 -32.29 540.16 86.22 56.71 137.50 176.5911 58.2925 137.8936
0.000964 -0.005052 0.000374 875.35 -32.43 540.72 82.58 64.49 137.52 176.5896 58.2753 137.8316
0.000813 -0.005298 0.000769 874.93 -32.68 540.39 82.58 60.26 146.95 176.5753 58.2773 137.8264
0.001897 -0.005081 0.000720 874.85 -33.18 540.11 82.58 53.03 147.77 176.5725 58.2776 137.8414
0.001897 -0.005081 0.000720 874.85 -33.18 540.11 82.58 53.03 147.77 176.5725 58.2776 137.8414
0.002604 -0.005081 0.000829 876.06 -32.82 540.93 84.04 60.60 144.20 176.5857 58.2735 137.8844
0.002988 -0.006464 0.001729 876.67 -32.30 540.67 89.13 60.98 140.44 176.5888 58.2911 137.8670
0.002557 -0.006708 0.002187 876.36 -31.75 540.29 84.04 59.11 144.67 176.5893 58.2955 137.8534
0.002252 -0.006412 0.001310 876.40 -32.14 540.28 83.31 58.31 142.65 176.5945 58.2975 137.8587
0.002265 -0.005758 0.001373 876.30 -32.93 540.71 86.95 57.09 145.05 176.5716 58.2859 137.8331
0.002265 -0.005758 0.001373 876.30 -32.93 540.71 86.95 57.09 145.05 176.5716 58.2859 137.8331
0.002766 -0.005974 0.000921 876.12 -32.42 540.55 81.85 57.45 141.87 176.5971 58.2894 137.8631
0.002772 -0.005497 0.001320 876.57 -32.56 540.27 85.49 58.47 143.48 176.5840 58.2909 137.8598
0.003321 -0.005978 0.001189 876.83 -31.88 540.63 85.49 56.23 147.93 176.6083 58.2908 137.8778
0.003488 -0.006713 0.000954 876.69 -31.65 540.08 85.49 56.23 147.93 176.6133 58.3034 137.9114
0.004152 -0.006997 0.000679 876.23 -31.38 539.54 86.22 63.00 143.41 176.6322 58.3086 137.9484
0.004152 -0.006997 0.000679 876.23 -31.38 539.54 86.22 63.00 143.41 176.6322 58.3086 137.9484
0.003620 -0.007434 0.000703 876.33 -31.29 540.04 86.95 57.09 140.66 176.6378 58.3124 137.9310
0.002818 -0.006954 0.001380 875.90 -31.67 540.13 87.68 58.63 145.78 176.6234 58.3054 137.9090
0.002185 -0.007040 0.001908 875.58 -32.05 540.08 84.77 60.66 143.40 176.5952 58.3044 137.8844
0.002395 -0.007414 0.001716 875.34 -32.17 540.25 88.41 60.93 145.76 176.6050 58.3046 137.8811
0.002395 -0.007414 0.001716 875.34 -32.17 540.25 88.41 60.93 145.76 176.6050 58.3046 137.8811
0.002499 -0.007314 0.002566 874.83 -32.81 539.90 90.59 61.09 142.20 176.5780 58.3093 137.8379
0.002824 -0.006909 0.003062 874.83 -32.77 541.05 82.58 61.24 146.21 176.5738 58.2923 137.7951
0.002824 -0.006909 0.003062 874.83 -32.77 541.05 82.58 61.24 146.21 176.5738 58.2923 137.7951
0.002817 -0.005978 0.003144 874.25 -33.04 540.17 87.68 60.87 142.07 176.5639 58.2886 137.7720
0.002817 -0.005978 0.003144 874.25 -33.04 540.17 87.68 60.87 142.07 176.5639 58.2886 137.7720
0.002753 -0.006057 0.003138 874.04 -33.50 539.98 85.49 59.22 139.07 176.5583 58.2902 137.7384
0.002340 -0.006064 0.003561 873.78 -33.41 540.10 88.41 60.93 142.83 176.5394 58.2869 137.7057
0.002340 -0.006064 0.003561 873.78 -33.41 540.10 88.41 60.93 142.83 176.5394 58.2869 137.7057
0.001932 -0.005605 0.003406 873.89 -33.42 540.42 81.85 60.44 141.80 176.5417 58.2833 137.6814
0.001857 -0.005138 0.003490 873.51 -32.95 540.61 86.22 60.76 139.80 176.5503 58.2713 137.6783
0.002388 -0.005095 0.003201 873.80 -32.80 540.52 84.04 56.87 147.11 176.5538 58.2697 137.6566
0.002662 -0.004987 0.002563 874.00 -32.92 540.52 84.04 56.87 147.11 176.5596 58.2661 137.6826
0.002662 -0.004987 0.002563 874.00 -32.92 540.52 84.04 56.87 147.11 176.5596 58.2661 137.6826
0.002871 -0.004731 0.002160 874.00 -33.03 540.60 86.95 57.09 140.66 176.5583 58.2676 137.7052
0.002655 -0.005157 0.002094 874.31 -32.95 540.82 86.22 57.78 145.00 176.5651 58.2691 137.6969
0.002848 -0.005327 0.001844 874.39 -32.37 540.81 85.49 61.46 142.68 176.5938 58.2688 137.7229
0.003312 -0.005375 0.001680 874.19 -31.84 540.81 81.12 57.40 144.03 176.5917 58.2640 137.7303
0.003021 -0.005756 0.001819 874.01 -31.99 540.93 85.49 62.95 137.52 176.5821 58.2693 137.6844
0.003021 -0.005756 0.001819 874.01 -31.99 540.93 85.49 62.95 137.52 176.5821 58.2693 137.6844
0.002489 -0.006096 0.001669 874.42 -32.26 540.89 90.59 55.87 143.05 176.5776 58.2714 137.6810
0.002194 -0.005804 0.001738 874.71 -32.24 540.87 89.13 59.49 141.44 176.5848 58.2674 137.6727
0.001870 -0.005847 0.001805 874.30 -31.79 540.44 89.13 57.25 148.07 176.5876 58.2754 137.6923
0.001754 -0.006397 0.002021 874.33 -31.33 540.25 87.68 54.90 143.67 176.6001 58.2766 137.7202
0.001392 -0.006829 0.002853 875.27 -31.13 540.38 85.49 59.22 143.46 176.5645 58.2920 137.6873
0.001392 -0.006829 0.002853 875.27 -31.13 540.38 85.49 59.22 143.46 176.5645 58.2920 137.6873
0.001359 -0.006805 0.002847 875.89 -31.78 540.36 83.31 58.31 139.72 176.5765 58.2814 137.6862
0.001941 -0.006551 0.002118 876.14 -32.17 540.77 84.77 58.42 143.45 176.5713 58.2871 137.6794
0.002137 -0.006303 0.001989 876.80 -32.59 540.86 81.85 59.69 145.48 176.5654 58.2845 137.6823
0.001729 -0.005542 0.001826 876.93 -32.25 540.91 81.85 59.69 145.48 176.5893 58.2792 137.7240
0.001729 -0.005542 0.001826 876.93 -32.25 540.91 81.85 59.69 145.48 176.5893 58.2792 137.7240
0.001086 -0.005145 0.001560 876.92 -31.62 540.59 81.85 59.69 145.48 176.5864 58.2856 137.7381
0.000591 -0.005159 0.001492 877.16 -31.66 540.48 76.03 60.01 143.73 176.5818 58.2841 137.7496
0.000591 -0.005159 0.001492 877.16 -31.66 540.48 76.03 60.01 143.73 176.5818 58.2841 137.7496
0.000518 -0.005252 0.001185 877.38 -32.00 541.20 85.49 62.95 142.64 176.5802 58.2755 137.7182
0.000441 -0.005169 0.000928 877.18 -32.18 541.82 87.68 56.40 140.71 176.5827 58.2706 137.7184
0.000579 -0.005224 0.001253 876.72 -31.99 542.01 86.95 55.59 142.89 176.5840 58.2651 137.7224
0.000724 -0.005409 0.001474 876.65 -31.58 542.35 83.31 62.04 141.10 176.5986 58.2641 137.7196
0.001011 -0.005391 0.000499 876.20 -31.11 542.60 82.58 58.25 140.42 176.6312 58.2539 137.7462
0.000790 -0.005398 -0.000118 875.56 -30.83 542.31 85.49 61.46 146.34 176.6314 58.2599 137.7507
0.000790 -0.005398 -0.000118 875.56 -30.83 542.31 85.49 61.46 146.34 176.6314 58.2599 137.7507
0.000029 -0.005526 0.000107 875.21 -30.57 541.73 81.12 50.69 136.14 176.6319 58.2593 137.7836
-0.000209 -0.005686 0.000428 875.10 -30.19 541.80 83.31 59.06 142.63 176.6417 58.2572 137.7933
-0.000433 -0.005972 0.000417 874.85 -30.10 541.66 84.04 57.62 142.70 176.6389 58.2609 137.8000
-0.000489 -0.006404 0.000164 874.93 -30.68 541.61 84.77 61.40 144.84 176.6284 58.2626 137.7796
-0.000489 -0.006404 0.000164 874.93 -30.68 541.61 84.77 61.40 144.84 176.6284 58.2626 137.7796
0.000403 -0.006985 -0.000282 875.35 -31.17 541.58 86.22 63.00 142.68 176.6436 58.2728 137.7656
0.000248 -0.007991 -0.000237 875.29 -31.36 541.33 86.95 55.59 137.76 176.6272 58.2801 137.7445
0.000248 -0.007991 -0.000237 875.29 -31.36 541.33 86.95 55.59 137.76 176.6272 58.2801 137.7445
0.000422 -0.008031 -0.000395 875.12 -31.44 540.90 86.95 60.07 139.85 176.6441 58.2813 137.7309
0.000422 -0.008031 -0.000395 875.12 -31.44 540.90 86.95 60.07 139.85 176.6441 58.2813 137.7309
0.000130 -0.007703 -0.000262 875.10 -31.42 541.06 84.77 57.67 144.20 176.6317 58.2784 137.7303
0.000097 -0.007095 -0.000908 875.33 -31.62 541.40 81.85 50.74 140.56 176.6465 58.2713 137.7832
0.000097 -0.007095 -0.000908 875.33 -31.62 541.40 81.85 50.74 140.56 176.6465 58.2713 137.7832
0.000696 -0.007002 -0.000415 875.18 -31.84 541.59 87.68 62.36 147.88 176.6321 58.2700 137.7511
0.000553 -0.007559 0.000362 874.95 -31.90 541.13 85.49 58.47 145.68 176.6266 58.2807 137.7594
-0.000167 -0.007474 0.000665 874.85 -31.45 541.01 81.85 58.95 144.03 176.6321 58.2755 137.7792
0.000029 -0.007769 0.000538 874.89 -31.01 540.65 84.04 58.36 142.68 176.6458 58.2877 137.7970
0.000029 -0.007769 0.000538 874.89 -31.01 540.65 84.04 58.36 142.68 176.6458 58.2877 137.7970
0.000830 -0.008132 0.000682 875.24 -30.88 540.25 84.04 59.86 143.38 176.6495 58.2952 137.7939
0.001486 -0.007364 0.001084 875.37 -31.24 540.02 86.95 57.09 141.39 176.6385 58.2904 137.7748
0.001006 -0.007235 0.000889 875.13 -31.51 539.77 86.95 54.85 140.71 176.6356 58.2937 137.7843
0.000903 -0.007648 0.000981 874.95 -31.76 539.92 82.58 58.25 140.42 176.6271 58.2939 137.7695
0.001274 -0.007548 0.000402 874.71 -31.91 540.13 91.32 57.41 140.86 176.6394 58.2901 137.7620
0.001274 -0.007548 0.000402 874.71 -31.91 540.13 91.32 57.41 140.86 176.6394 58.2901 137.7620
0.001597 -0.007638 0.000080 874.51 -31.60 541.03 81.12 58.89 138.14 176.6587 58.2792 137.7650
0.000911 -0.008292 0.000155 874.42 -31.61 541.19 81.12 61.88 143.19 176.6443 58.2877 137.7502
0.000513 -0.008180 -0.000161 875.37 -31.66 540.96 81.12 61.88 143.19 176.6524 58.2949 137.7597
0.000873 -0.008591 -0.000236 875.73 -31.88 540.81 84.04 59.11 144.86 176.6472 58.3017 137.7560
0.000933 -0.008222 0.000543 875.67 -32.18 540.21 86.22 57.03 142.09 176.6293 58.3054 137.7411
0.000933 -0.008222 0.000543 875.67 -32.18 540.21 86.22 57.03 142.09 176.6293 58.3054 137.7411
0.001205 -0.008122 0.000738 875.67 -31.79 539.72 86.95 60.07 142.78 176.6466 58.3107 137.7486
0.000811 -0.007972 0.000599 875.99 -31.18 539.82 84.04 57.62 148.56 176.6578 58.3112 137.7907
0.000323 -0.007094 0.000730 876.14 -31.01 540.35 84.04 61.35 141.88 176.6558 58.2999 137.7751
0.000187 -0.006541 0.000832 875.54 -30.61 540.32 80.40 55.85 141.84 176.6666 58.2957 137.8078
0.000187 -0.006541 0.000832 875.54 -30.61 540.32 80.40 55.85 141.84 176.6666 58.2957 137.8078
-0.000093 -0.006528 0.001471 874.95 -30.58 540.04 81.12 56.65 141.12 176.6544 58.2956 137.8080
0.000147 -0.005885 0.001800 875.00 -30.96 539.86 81.85 55.22 139.73 176.6442 58.2928 137.8082
0.000433 -0.004679 0.001814 875.42 -31.06 539.94 84.77 61.40 150.70 176.6503 58.2849 137.8254
0.001014 -0.004727 0.002081 875.54 -31.43 540.01 82.58 59.00 144.06 176.6392 58.2857 137.8139
0.001014 -0.004727 0.002081 875.54 -31.43 540.01 82.58 59.00 144.06 176.6392 58.2857 137.8139
0.001038 -0.005165 0.001778 875.97 -31.64 539.61 86.22 55.54 144.32 176.6391 58.2971 137.8349
0.001109 -0.005492 0.001495 875.64 -31.76 539.56 84.04 59.11 142.67 176.6422 58.2959 137.8341
0.001075 -0.005253 0.001258 875.83 -31.28 539.42 86.22 54.05 145.08 176.6563 58.2983 137.8797
0.001075 -0.005253 0.001258 875.83 -31.28 539.42 86.22 54.05 145.08 176.6563 58.2983 137.8797
0.001255 -0.004964 0.001659 875.72 -30.89 538.84 86.22 54.05 145.08 176.6588 58.3021 137.9104
0.001879 -0.005781 0.002120 875.04 -31.23 539.63 86.22 54.05 145.08 176.6507 58.2939 137.9127
0.001367 -0.005543 0.001794 875.35 -31.17 540.36 82.58 55.27 141.96 176.6580 58.2885 137.9411
0.001367 -0.005543 0.001794 875.35 -31.17 540.36 82.58 55.27 141.96 176.6580 58.2885 137.9411
0.001729 -0.005225 0.001511 875.71 -31.56 540.64 84.04 56.87 144.18 176.6533 58.2859 137.9449
0.001869 -0.005822 0.001379 875.68 -31.98 540.17 84.04 56.87 142.72 176.6458 58.2953 137.9454
0.001990 -0.005196 0.000400 876.04 -31.40 540.26 86.22 57.78 144.26 176.6764 58.2913 137.9842
0.001643 -0.005895 0.000204 875.46 -31.33 540.31 82.58 62.73 141.78 176.6759 58.2924 137.9645
0.001308 -0.005485 -0.000460 875.79 -30.86 540.49 80.40 58.09 141.05 176.6956 58.2900 137.9952
0.001308 -0.005485 -0.000460 875.79 -30.86 540.49 80.40 58.09 141.05 176.6956 58.2900 137.9952
0.001945 -0.005513 -0.000328 876.01 -31.10 540.02 84.04 53.89 142.06 176.6917 58.2968 138.0097
0.002188 -0.005779 -0.000930 874.87 -30.75 540.15 86.95 52.61 145.15 176.7156 58.2898 138.0616
0.002504 -0.005225 -0.001302 874.96 -31.53 539.79 84.77 59.16 143.43 176.7046 58.2908 138.0458
0.001979 -0.004700 -0.000831 874.97 -31.64 539.10 86.22 57.03 139.16 176.6965 58.2933 138.0341
0.002080 -0.003996 -0.001058 875.60 -31.80 540.27 81.12 55.16 144.82 176.7005 58.2793 138.0621
0.002080 -0.003996 -0.001058 875.60 -31.80 540.27 81.12 55.16 144.82 176.7005 58.2793 138.0621
0.001963 -0.003717 -0.000826 875.66 -32.43 539.73 91.32 55.17 141.64 176.6385 58.2841 137.8280
0.002286 -0.004051 -0.000254 875.69 -32.41 540.51 81.85 57.45 141.87 176.6843 58.2761 138.0429
0.002161 -0.004725 0.000510 875.89 -32.70 540.85 81.85 57.45 141.87 176.6677 58.2779 138.0300
0.002161 -0.004725 0.000510 875.89 -32.70 540.85 81.85 57.45 141.87 176.6677 58.2779 138.0300
0.002606 -0.004947 0.001550 875.71 -33.17 540.57 79.67 56.55 146.18 176.6466 58.2803 138.0307
0.002982 -0.004700 0.001187 875.82 -32.67 539.45 84.04 57.62 144.16 176.6625 58.2901 138.0598
0.002963 -0.004688 0.001121 876.99 -32.37 539.47 92.05 56.72 143.83 176.6682 58.2962 138.0634
0.002560 -0.004448 0.002083 876.98 -32.65 539.48 88.41 56.45 139.28 176.6469 58.2946 138.0286
0.002560 -0.004448 0.002083 876.98 -32.65 539.48 88.41 56.45 139.28 176.6469 58.2946 138.0286
0.001706 -0.004175 0.001919 876.78 -32.17 540.21 78.94 58.73 143.16 176.6542 58.2845 138.0509
0.001208 -0.004773 0.002061 876.98 -32.40 539.89 86.22 56.29 139.91 176.6407 58.2924 138.0376
0.000625 -0.005940 0.001070 876.80 -31.73 539.37 91.32 55.92 148.94 176.6586 58.3067 138.0848
0.001359 -0.005652 0.000662 877.27 -31.53 539.08 81.85 59.69 141.82 176.6725 58.3113 138.0939
0.001359 -0.005652 0.000662 877.27 -31.53 539.08 81.85 59.69 141.82 176.6725 58.3113 138.0939
0.001209 -0.006036 0.000714 877.12 -31.15 539.58 89.13 60.23 139.22 176.6801 58.3097 138.0686
0.000547 -0.006369 0.000486 876.71 -31.48 539.86 86.95 62.31 145.66 176.6726 58.3085 138.0483
-0.000112 -0.006490 0.000748 876.18 -31.31 539.53 90.59 56.61 137.18 176.6670 58.3105 138.0235
-0.000436 -0.006006 0.000295 876.25 -32.11 539.83 92.78 63.49 142.98 176.6533 58.3052 137.9689
-0.000436 -0.006006 0.000295 876.25 -32.11 539.83 92.78 63.49 142.98 176.6533 58.3052 137.9689
-0.000391 -0.005919 0.000529 876.21 -32.44 540.75 83.31 52.34 142.79 176.6465 58.2960 137.9893
-0.000565 -0.006054 0.000788 876.06 -32.39 541.19 89.86 55.81 143.02 176.6425 58.2916 137.9861
-0.000396 -0.006211 0.001250 875.77 -32.62 540.91 86.95 55.81 143.02 176.6304 58.2932 137.9723
-0.000484 -0.006024 0.001185 875.56 -31.91 540.31 87.68 55.59 143.62 176.6433 58.2963 138.0034
-0.000484 -0.006024 0.001185 875.56 -31.91 540.31 87.68 55.59 143.62 176.6433 58.2963 138.0034
-0.000421 -0.006149 0.001423 875.21 -32.42 540.49 87.68 52.64 142.99 176.6311 58.2932 138.0082
-0.000375 -0.005733 0.002002 875.57 -32.25 540.25 87.68 57.13 139.23 176.6223 58.2953 137.9894
0.000267 -0.005135 0.001809 875.22 -32.13 540.77 82.58 53.03 145.76 176.6325 58.2842 137.9901
0.000632 -0.004674 0.001909 875.04 -32.42 541.38 81.85 61.19 136.89 176.6238 58.2709 137.9835
0.000632 -0.004674 0.001909 875.04 -32.42 541.38 81.85 61.19 136.89 176.6238 58.2709 137.9835
0.000849 -0.004990 0.001235 875.20 -32.24 541.51 81.85 58.20 139.59 176.6385 58.2706 137.9794
0.000918 -0.005437 0.002011 875.63 -32.08 541.78 85.49 63.69 138.16 176.6336 58.2723 137.9657
0.000988 -0.005478 0.002125 875.49 -32.64 541.04 85.49 57.73 145.69 176.6132 58.2759 137.9125
0.001183 -0.005937 0.001569 875.85 -32.70 540.86 91.32 58.16 142.30 176.6197 58.2823 137.9295
0.001183 -0.005937 0.001569 875.85 -32.70 540.86 91.32 58.16 142.30 176.6197 58.2823 137.9295
0.001077 -0.006436 0.001239 875.85 -33.06 540.56 88.41 55.70 143.69 176.6084 58.2893 137.9032
0.001257 -0.006353 0.000329 875.87 -33.36 540.55 81.85 58.20 138.19 176.6151 58.2906 137.9177
0.001465 -0.005899 0.000020 875.91 -34.17 540.50 79.67 57.29 138.11 176.6010 58.2877 137.8895
0.001329 -0.005825 -0.000046 875.78 -33.94 540.30 79.67 57.29 138.11 176.6015 58.2878 137.8940
0.001329 -0.005825 -0.000046 875.78 -33.94 540.30 79.67 57.29 138.11 176.6015 58.2878 137.8940
0.001847 -0.006267 -0.000167 875.75 -33.98 540.45 79.67 57.29 138.11 176.6014 58.2883 137.8904
0.002679 -0.006669 -0.000748 875.33 -33.56 539.97 83.31 56.07 147.09 176.6158 58.2956 137.9007
0.003115 -0.006459 -0.000943 875.26 -32.74 540.09 85.49 55.49 142.09 176.6509 58.2946 137.9631
0.003429 -0.005968 -0.000285 875.69 -33.22 540.44 82.58 54.52 152.22 176.6313 58.2894 137.9453
0.003759 -0.005795 -0.000161 875.90 -33.03 540.44 89.13 60.98 145.79 176.6440 58.2891 138.0065
0.003759 -0.005795 -0.000161 875.90 -33.03 540.44 89.13 60.98 145.79 176.6440 58.2891 138.0065
0.003900 -0.005944 0.000814 875.91 -33.52 540.28 82.58 63.48 145.42 176.6267 58.2897 137.9703
0.003789 -0.005908 0.001515 876.04 -34.27 539.84 86.95 62.31 142.00 176.5935 58.2972 137.9208
0.003322 -0.005627 0.001268 875.65 -34.53 540.38 81.12 56.65 144.05 176.5849 58.2896 137.8836
0.003653 -0.004714 0.001446 875.44 -34.53 540.05 84.77 56.92 140.56 176.5754 58.2804 137.8885
0.003653 -0.004714 0.001446 875.44 -34.53 540.05 84.77 56.92 140.56 176.5754 58.2804 137.8885
0.003799 -0.004211 0.001882 875.86 -33.70 539.22 87.68 58.63 144.31 176.5882 58.2863 137.9009
0.003086 -0.004476 0.002160 875.70 -33.16 538.52 84.04 59.86 138.99 176.5815 58.2935 137.9094
0.002576 -0.005094 0.002417 875.62 -33.09 538.93 85.49 57.73 147.16 176.5831 58.2974 137.8828
0.002391 -0.005021 0.002879 875.81 -32.58 539.18 87.68 54.16 145.15 176.5865 58.2929 137.8993
0.002391 -0.005021 0.002879 875.81 -32.58 539.18 87.68 54.16 145.15 176.5865 58.2929 137.8993
0.002067 -0.005136 0.002931 875.79 -32.18 538.94 81.12 55.91 141.14 176.5858 58.2979 137.9272
0.001834 -0.004886 0.002128 875.76 -32.42 539.02 81.12 55.91 141.14 176.5892 58.2919 137.9453
0.001799 -0.004920 0.001883 875.38 -32.64 539.37 89.86 57.30 144.45 176.5759 58.2929 137.9579
0.001799 -0.004920 0.001883 875.38 -32.64 539.37 89.86 57.30 144.45 176.5759 58.2929 137.9579
0.001412 -0.004920 0.002404 874.78 -32.60 539.10 89.86 58.80 145.15 176.5795 58.2874 137.9425
0.001084 -0.004627 0.002704 874.22 -32.11 539.17 86.22 59.27 144.96 176.6216 58.2876 137.9079
0.000768 -0.004525 0.002517 874.05 -32.25 539.17 81.12 58.15 142.55 176.5747 58.2856 137.9482
0.000505 -0.004794 0.002711 874.17 -31.93 538.65 84.77 60.66 141.20 176.5781 58.2965 137.9404
0.000293 -0.004635 0.002811 874.38 -31.62 538.15 86.95 60.07 150.83 176.5743 58.2903 137.9517
0.000293 -0.004635 0.002811 874.38 -31.62 538.15 86.95 60.07 150.83 176.5743 58.2903 137.9517
0.000678 -0.004172 0.002416 874.47 -31.88 538.37 88.41 59.43 136.28 176.5794 58.2896 137.9118
0.001513 -0.003918 0.002166 874.69 -31.87 538.26 85.49 56.98 144.25 176.5970 58.2900 137.9398
0.001513 -0.003918 0.002166 874.69 -31.87 538.26 85.49 56.98 144.25 176.5970 58.2900 137.9398
0.001666 -0.004281 0.001904 875.22 -31.57 538.56 81.85 58.20 141.12 176.5971 58.2964 137.9414
0.001811 -0.004974 0.001809 875.09 -31.83 538.80 83.31 59.80 143.35 176.5868 58.2929 137.9202
0.002118 -0.005601 0.001935 874.53 -32.18 539.47 84.04 56.87 143.45 176.5925 58.2854 137.9268
0.002195 -0.005507 0.002252 874.39 -32.03 540.09 84.04 59.86 146.31 176.5861 58.2801 137.9249
0.002240 -0.004590 0.002886 874.59 -32.23 540.32 81.12 55.91 144.80 176.5704 58.2677 137.9266
0.002244 -0.004220 0.003229 874.99 -32.35 540.58 86.95 56.34 149.46 176.5773 58.2728 137.9626
0.002244 -0.004220 0.003229 874.99 -32.35 540.58 86.95 56.34 149.46 176.5773 58.2728 137.9626
0.002356 -0.004769 0.003065 875.25 -32.18 540.72 86.95 56.34 149.46 176.5787 58.2721 137.9821
0.002863 -0.005723 0.003087 875.21 -32.24 540.93 82.58 52.29 147.15 176.5764 58.2808 138.0204
0.002517 -0.006294 0.002930 875.42 -32.25 540.79 89.86 58.80 145.88 176.5801 58.2849 138.0287
0.002517 -0.006294 0.002930 875.42 -32.25 540.79 89.86 58.80 145.88 176.5801 58.2849 138.0287
0.001775 -0.006433 0.002352 875.77 -32.01 540.83 84.04 59.86 139.72 176.5843 58.2856 138.0194
0.001737 -0.006096 0.002008 876.57 -31.75 541.26 84.04 58.36 144.88 176.5993 58.2820 138.0413
0.001847 -0.005423 0.001816 877.30 -31.57 541.27 85.49 56.98 144.25 176.5972 58.2856 138.0512
0.001850 -0.005462 0.001298 877.39 -31.83 540.75 81.12 57.40 142.57 176.5998 58.2923 138.0654
0.001850 -0.005462 0.001298 877.39 -31.83 540.75 81.12 57.40 142.57 176.5998 58.2923 138.0654
0.001630 -0.005641 0.000989 877.67 -31.91 540.53 86.22 57.03 145.01 176.5990 58.2971 138.0786
0.001375 -0.005626 0.000440 877.63 -31.69 540.18 82.58 61.24 142.55 176.6166 58.3008 138.0909
0.000960 -0.005367 0.000210 877.18 -31.71 539.96 84.77 59.91 144.88 176.6036 58.2951 138.0767
0.000763 -0.005534 0.000525 877.19 -31.58 540.06 86.22 62.26 141.23 176.6129 58.3006 138.0605
0.000763 -0.005534 0.000525 877.19 -31.58 540.06 86.22 62.26 141.23 176.6129 58.3006 138.0605
0.000910 -0.005971 0.000499 877.06 -31.28 539.90 81.12 52.92 143.41 176.6196 58.3054 138.1031
0.000965 -0.006249 0.000817 876.49 -31.17 539.67 86.22 55.54 142.85 176.6163 58.3052 138.1077
0.000776 -0.006537 0.001255 876.14 -30.80 539.55 82.58 58.25 147.01 176.6234 58.3091 138.1359
0.000610 -0.006523 0.001666 875.72 -30.37 539.07 82.58 58.25 147.01 176.6259 58.3130 138.1591
0.000610 -0.006523 0.001666 875.72 -30.37 539.07 82.58 58.25 147.01 176.6259 58.3130 138.1591
0.000578 -0.006895 0.001672 875.57 -29.73 538.77 82.58 58.25 147.01 176.6483 58.3198 138.2031
0.000334 -0.007437 0.001492 875.46 -29.90 538.83 83.31 56.82 145.61 176.6313 58.3228 138.2034
0.000598 -0.007579 0.000989 875.09 -30.12 538.51 86.22 57.78 144.26 176.6496 58.3282 138.2259
0.000485 -0.007540 0.001500 874.38 -30.56 538.59 89.86 58.05 144.43 176.6180 58.3183 138.1795
0.000485 -0.007540 0.001500 874.38 -30.56 538.59 89.86 58.05 144.43 176.6180 58.3183 138.1795
0.000144 -0.007999 0.001871 873.99 -30.85 538.71 86.95 54.10 146.58 176.6182 58.3261 138.2104
0.000619 -0.008208 0.001512 873.89 -30.90 538.03 89.86 64.02 140.63 176.6245 58.3363 138.1698
0.001510 -0.007807 0.001197 874.11 -31.08 537.87 86.22 57.78 144.26 176.6319 58.3333 138.1732
0.001511 -0.007268 0.001319 874.29 -31.49 538.22 88.41 57.20 142.19 176.6170 58.3284 138.1504
0.001511 -0.007268 0.001319 874.29 -31.49 538.22 88.41 57.20 142.19 176.6170 58.3284 138.1504
0.001643 -0.007219 0.001824 875.01 -30.85 538.77 86.95 56.34 142.87 176.6418 58.3301 138.1809
0.001997 -0.006215 0.002217 875.64 -30.52 539.06 84.77 57.67 140.54 176.6389 58.3231 138.1694
0.001881 -0.006223 0.002160 875.72 -30.70 539.53 88.41 60.18 144.31 176.6418 58.3199 138.1568
0.001924 -0.006492 0.003013 875.98 -30.76 540.02 75.30 57.71 144.48 176.6279 58.3203 138.1648
0.001924 -0.006492 0.003013 875.98 -30.76 540.02 75.30 57.71 144.48 176.6279 58.3203 138.1648
0.001667 -0.006511 0.002588 875.81 -30.85 540.61 88.41 57.20 145.11 176.6369 58.3115 138.1758
0.001903 -0.006550 0.002360 876.06 -31.14 541.14 86.22 55.54 147.24 176.6328 58.3103 138.1890
0.001392 -0.006790 0.002394 875.75 -31.21 542.02 86.22 55.54 147.24 176.6310 58.2981 138.2067
0.001218 -0.006416 0.002155 875.47 -31.44 541.78 85.49 59.96 145.64 176.6183 58.2982 138.0302
0.001218 -0.006416 0.002155 875.47 -31.44 541.78 85.49 59.96 145.64 176.6183 58.2982 138.0302
0.001651 -0.006180 0.002034 875.39 -31.13 541.10 84.77 60.66 147.79 176.6418 58.3032 138.2204
0.001360 -0.006232 0.002528 875.20 -31.07 540.69 81.12 57.40 146.96 176.6278 58.3047 138.2308
0.001628 -0.006907 0.002033 874.90 -31.10 541.20 91.32 59.65 143.00 176.6445 58.3000 138.2174
0.001806 -0.006278 0.001648 874.76 -30.97 541.65 84.04 56.87 136.86 176.6539 58.2891 138.2104
0.001806 -0.006278 0.001648 874.76 -30.97 541.65 84.04 56.87 136.86 176.6539 58.2891 138.2104
0.001728 -0.006493 0.001010 874.15 -31.55 541.85 84.77 53.94 142.82 176.6451 58.2847 138.2155
0.001830 -0.006918 0.002187 873.90 -31.98 541.58 81.12 55.91 144.80 176.6211 58.2887 138.2099
0.001120 -0.006592 0.002891 874.03 -32.11 541.68 86.22 59.27 141.30 176.6099 58.2820 138.1857
0.001413 -0.006584 0.002858 874.22 -32.20 541.15 89.86 59.54 143.66 176.6078 58.2892 138.1667
0.001413 -0.006584 0.002858 874.22 -32.20 541.15 89.86 59.54 143.66 176.6078 58.2892 138.1667
0.002126 -0.006739 0.003223 874.07 -32.34 540.48 83.31 55.32 146.38 176.6015 58.2941 138.1812
0.002704 -0.006816 0.002946 874.25 -32.32 540.34 84.77 57.67 144.20 176.6093 58.2955 138.1904
0.002461 -0.007368 0.002769 874.35 -31.80 540.80 83.31 59.06 140.44 176.6215 58.2944 138.1922
0.002275 -0.007434 0.002542 874.16 -30.89 539.97 81.85 55.22 139.00 176.6416 58.3044 138.2282
0.002275 -0.007434 0.002542 874.16 -30.89 539.97 81.85 55.22 139.00 176.6416 58.3044 138.2282
0.002117 -0.007086 0.001695 874.02 -30.31 540.01 84.04 58.36 142.68 176.6640 58.2984 138.2512
0.002310 -0.006740 0.002098 873.75 -29.63 540.19 84.04 58.36 142.68 176.6781 58.2927 138.2620
0.002505 -0.006428 0.002001 873.81 -29.60 540.31 89.13 56.50 146.63 176.6834 58.2896 138.2743
0.002681 -0.006254 0.001939 873.57 -30.65 540.73 84.04 58.36 141.95 176.6628 58.2809 138.2399
0.002159 -0.007318 0.002534 874.09 -31.16 540.71 83.31 53.83 142.76 176.6437 58.2925 138.2457
0.002159 -0.007318 0.002534 874.09 -31.16 540.71 83.31 53.83 142.76 176.6437 58.2925 138.2457
0.003260 -0.007479 0.002386 874.48 -31.26 540.67 86.95 58.58 141.35 176.6557 58.2952 138.2365
0.003260 -0.007479 0.002386 874.48 -31.26 540.67 86.95 58.58 141.35 176.6557 58.2952 138.2365
0.001789 -0.006237 0.002000 874.05 -30.48 539.98 81.85 59.69 138.89 176.6678 58.2889 138.2070
0.001199 -0.005631 0.001641 874.30 -30.40 540.59 86.95 58.58 143.55 176.6773 58.2799 138.2143
0.001199 -0.005631 0.001641 874.30 -30.40 540.59 86.95 58.58 143.55 176.6773 58.2799 138.2143
0.001147 -0.005301 0.001602 874.28 -29.79 541.07 89.13 57.25 139.29 176.6941 58.2717 138.2127
0.000754 -0.004552 0.001591 874.78 -29.72 540.40 81.85 57.45 142.60 176.6933 58.2758 138.2287
0.000754 -0.004552 0.001591 874.78 -29.72 540.40 81.85 57.45 142.60 176.6933 58.2758 138.2287
0.001170 -0.003911 0.002136 875.64 -30.32 540.25 85.49 55.49 136.23 176.6833 58.2740 138.1906
0.001170 -0.003911 0.002136 875.64 -30.32 540.25 85.49 55.49 136.23 176.6833 58.2740 138.1906
0.001669 -0.004111 0.001739 874.48 -30.69 540.29 85.49 59.22 136.15 176.6848 58.2657 138.1522
0.001138 -0.004644 0.001127 874.94 -30.99 540.32 89.13 58.00 145.13 176.6824 58.2711 138.1535
0.001553 -0.005095 0.000217 874.49 -31.34 540.24 89.13 58.00 145.13 176.6891 58.2718 138.1545
0.001553 -0.005095 0.000217 874.49 -31.34 540.24 89.13 58.00 145.13 176.6891 58.2718 138.1545
0.001665 -0.004500 0.000458 875.37 -30.92 539.98 89.13 58.00 145.13 176.7001 58.2743 138.1686
0.001261 -0.004877 0.000564 875.82 -31.68 539.92 84.04 54.63 141.31 176.6789 58.2794 138.1625
0.001495 -0.004893 0.001104 875.93 -31.62 539.42 87.68 57.14 142.15 176.6758 58.2847 138.1555
0.001495 -0.004893 0.001104 875.93 -31.62 539.42 87.68 57.14 142.15 176.6758 58.2847 138.1555
0.001111 -0.005422 0.000810 876.02 -32.25 538.85 81.12 57.40 146.96 176.6600 58.2953 138.1678
0.001306 -0.005107 0.001577 875.34 -32.32 538.32 86.22 58.53 142.78 176.6496 58.2949 138.1495
0.001543 -0.004707 0.002000 875.67 -32.15 538.69 86.95 57.09 140.66 176.6513 58.2911 138.1421
0.002244 -0.004283 0.004007 875.34 -32.85 538.58 85.49 54.74 147.96 176.6150 58.2864 138.1234
0.002429 -0.004419 0.004395 876.13 -32.24 539.32 84.04 56.12 142.00 176.6224 58.2855 138.1370
0.002429 -0.004419 0.004395 876.13 -32.24 539.32 84.04 56.12 142.00 176.6224 58.2855 138.1370
0.002559 -0.004459 0.003525 875.98 -32.08 539.63 84.77 54.69 138.41 176.6348 58.2818 138.1501
0.002889 -0.005409 0.004063 875.34 -31.66 539.23 87.68 65.35 142.69 176.6372 58.2887 138.1063
0.002226 -0.005271 0.003517 875.47 -32.13 539.25 84.77 56.92 145.68 176.6268 58.2887 138.1149
0.002409 -0.005466 0.002433 875.32 -31.98 539.27 81.85 58.95 147.69 176.6420 58.2899 138.1469
0.002336 -0.005750 0.001987 875.22 -31.67 539.01 89.86 56.56 143.00 176.6528 58.2944 138.1559
0.002336 -0.005750 0.001987 875.22 -31.67 539.01 89.86 56.56 143.00 176.6528 58.2944 138.1559
0.001735 -0.006024 0.001584 875.56 -31.95 539.65 86.95 60.07 143.51 176.6463 58.2925 138.1393
0.001850 -0.006436 0.001369 876.66 -32.08 540.55 87.68 60.07 143.51 176.6505 58.2936 138.1293
0.001853 -0.006962 0.002110 876.76 -31.67 540.11 86.95 57.89 144.33 176.6479 58.3042 138.1283
0.001853 -0.006962 0.002110 876.76 -31.67 540.11 86.95 57.89 144.33 176.6479 58.3042 138.1283
0.002083 -0.006874 0.002153 876.68 -31.52 540.64 84.04 57.12 141.39 176.6519 58.2985 138.1246
0.002955 -0.007254 0.002185 876.49 -31.95 541.13 86.22 57.53 143.43 176.6503 58.2951 138.1146
0.003060 -0.007058 0.002627 875.71 -31.71 537.57 89.13 58.74 142.82 176.6435 58.3218 138.1212
0.003093 -0.006920 0.002700 876.04 -31.13 538.82 87.68 59.38 143.65 176.6552 58.3150 138.1188
0.003093 -0.006920 0.002700 876.04 -31.13 538.82 87.68 59.38 143.65 176.6552 58.3150 138.1188
0.003125 -0.006388 0.003055 876.65 -30.09 540.65 85.49 59.96 145.03 176.6819 58.2969 138.1345
0.002611 -0.006381 0.003151 875.59 -30.46 539.12 81.85 58.95 138.18 176.6683 58.3063 138.1133
0.001675 -0.006299 0.002353 875.69 -30.92 538.94 81.12 59.64 145.44 176.6614 58.3066 138.1029
0.001821 -0.006696 0.001839 876.26 -31.65 538.67 89.86 59.54 146.59 176.6496 58.3195 138.1020
0.001821 -0.006696 0.001839 876.26 -31.65 538.67 89.86 59.54 146.59 176.6496 58.3195 138.1020
0.002234 -0.006565 0.001350 875.62 -32.12 538.19 88.41 57.20 138.53 176.6501 58.3196 138.0928
0.002439 -0.006803 0.001869 876.06 -31.88 537.92 84.77 64.39 144.04 176.6496 58.3277 138.0758
0.002374 -0.007300 0.002445 875.90 -31.69 537.55 84.77 59.16 143.43 176.6475 58.3355 138.0472
0.001909 -0.007240 0.002990 876.26 -31.54 536.81 86.22 58.53 142.78 176.6348 58.3488 138.0422
0.001909 -0.007240 0.002990 876.26 -31.54 536.81 86.22 58.53 142.78 176.6348 58.3488 138.0422
0.002170 -0.007711 0.003202 876.57 -31.33 537.91 86.22 58.53 142.78 176.6406 58.3454 138.0394
0.002627 -0.008012 0.003391 876.85 -31.85 538.24 81.85 54.47 140.48 176.6301 58.3504 138.0152
0.002201 -0.008211 0.003685 876.67 -32.14 538.51 83.31 58.31 141.92 176.6227 58.3496 138.0246
0.001940 -0.008693 0.004141 876.47 -32.77 538.78 87.68 58.63 146.51 176.5864 58.3522 137.9840
0.001940 -0.008693 0.004141 876.47 -32.77 538.78 87.68 58.63 146.51 176.5864 58.3522 137.9840
0.002365 -0.008196 0.004189 876.37 -31.92 538.51 89.13 58.74 142.19 176.6081 58.3568 138.0118
0.002801 -0.007696 0.004293 876.50 -31.94 539.43 92.05 57.47 143.09 176.6082 58.3450 137.9891
0.002761 -0.007201 0.003958 876.06 -32.23 539.29 81.85 53.72 139.76 176.6064 58.3442 137.9677
0.002128 -0.006387 0.003572 875.82 -32.23 539.15 89.13 57.25 145.88 176.6055 58.3365 137.9946
0.002128 -0.006387 0.003572 875.82 -32.23 539.15 89.13 57.25 145.88 176.6055 58.3365 137.9946
0.002546 -0.006667 0.003580 875.71 -32.68 539.37 86.95 55.59 146.55 176.5961 58.3364 137.9841
0.003173 -0.006822 0.003091 875.18 -33.07 539.21 83.31 57.56 144.86 176.5829 58.3357 137.9828
0.003494 -0.006547 0.003408 875.53 -32.18 539.10 84.04 64.33 144.74 176.6009 58.3392 138.0205
0.003122 -0.005964 0.003641 875.78 -32.09 539.59 84.04 58.36 142.68 176.6102 58.3352 137.9878
0.003122 -0.005964 0.003641 875.78 -32.09 539.59 84.04 58.36 142.68 176.6102 58.3352 137.9878
0.002793 -0.005424 0.003226 875.60 -31.69 539.75 79.67 56.55 143.25 176.6216 58.3234 138.0000
0.002556 -0.005850 0.002922 875.72 -31.52 539.87 86.22 57.78 144.26 176.6138 58.3253 138.0321
0.002547 -0.005954 0.003020 875.61 -31.67 539.60 86.22 57.78 144.26 176.6190 58.3258 138.0313
0.002969 -0.005787 0.002837 875.45 -31.73 539.69 86.22 57.78 144.26 176.6185 58.3289 138.0327
0.002969 -0.005787 0.002837 875.45 -31.73 539.69 86.22 57.78 144.26 176.6185 58.3289 138.0327
0.003061 -0.005814 0.002740 875.48 -32.08 539.26 84.04 54.63 140.58 176.6091 58.3331 138.0321
0.003112 -0.006388 0.003160 875.70 -32.12 539.47 84.04 60.60 147.75 176.6054 58.3336 138.0308
0.003292 -0.006963 0.003264 876.05 -32.37 539.80 84.04 57.62 139.77 176.5954 58.3429 138.0147
0.003558 -0.006694 0.003414 876.45 -32.21 539.51 89.13 56.50 145.16 176.6160 58.3391 138.0413
0.003558 -0.006694 0.003414 876.45 -32.21 539.51 89.13 56.50 145.16 176.6160 58.3391 138.0413
0.003547 -0.006222 0.002949 876.30 -31.90 539.31 81.85 58.20 144.05 176.6095 58.3396 138.0460
0.003443 -0.006089 0.002909 876.42 -32.36 539.45 84.04 62.84 144.77 176.6008 58.3370 138.0176
0.002984 -0.005605 0.003399 876.34 -32.47 539.48 82.58 56.02 144.87 176.5829 58.3309 138.0258
0.002410 -0.005161 0.002978 876.07 -32.62 539.75 86.95 56.34 142.14 176.5997 58.3215 138.0416
0.002410 -0.005161 0.002978 876.07 -32.62 539.75 86.95 56.34 142.14 176.5997 58.3215 138.0416
0.002478 -0.004883 0.002867 875.89 -32.16 539.69 86.95 57.09 145.78 176.5998 58.3295 138.0559
0.002293 -0.004872 0.003032 875.89 -31.92 538.86 84.04 55.38 141.29 176.5988 58.3343 138.0696
0.002789 -0.005155 0.003063 876.02 -31.55 538.69 82.58 56.76 144.12 176.6201 58.3381 138.0994
0.002857 -0.005909 0.002911 875.99 -31.15 538.92 86.95 63.80 144.16 176.6205 58.3397 138.0760
0.002857 -0.005909 0.002911 875.99 -31.15 538.92 86.95 63.80 144.16 176.6205 58.3397 138.0760
0.002200 -0.006220 0.002655 875.50 -30.96 539.44 86.22 57.78 145.00 176.6279 58.3284 138.0878
0.002349 -0.005966 0.002902 875.33 -30.94 540.07 86.22 57.78 145.00 176.6202 58.3221 138.0759
0.002210 -0.005979 0.003424 875.49 -31.12 540.26 86.95 61.56 146.41 176.6148 58.3258 138.0663
0.001247 -0.006155 0.003273 875.57 -31.20 539.64 89.13 52.77 143.06 176.6031 58.3369 138.0852
0.001247 -0.006155 0.003273 875.57 -31.20 539.64 89.13 52.77 143.06 176.6031 58.3369 138.0852
0.000320 -0.006255 0.002434 875.46 -31.45 539.40 82.58 55.27 144.88 176.6083 58.3297 138.1187
-0.000291 -0.005678 0.002165 875.46 -31.62 539.86 86.22 62.26 142.70 176.5956 58.3215 138.0852
-0.000357 -0.004965 0.002181 875.44 -31.87 540.11 87.68 55.65 144.38 176.5943 58.3126 138.0908
-0.000138 -0.005231 0.001940 874.83 -32.20 539.92 86.22 57.78 145.73 176.5871 58.3187 138.0896
0.000203 -0.006010 0.001911 874.74 -32.44 539.53 84.77 56.18 142.77 176.5838 58.3273 138.0937
0.000203 -0.006010 0.001911 874.74 -32.44 539.53 84.77 56.18 142.77 176.5838 58.3273 138.0937
0.000076 -0.006288 0.002198 874.76 -32.56 539.76 81.85 58.20 146.97 176.5724 58.3190 138.0988
-0.000111 -0.006397 0.001917 874.98 -32.83 539.49 86.95 51.86 148.83 176.5676 58.3350 138.1462
-0.000462 -0.006590 0.001931 875.10 -32.65 539.26 87.68 59.38 137.71 176.5730 58.3285 138.1220
-0.000462 -0.006590 0.001931 875.10 -32.65 539.26 87.68 59.38 137.71 176.5730 58.3285 138.1220
-0.000087 -0.006184 0.001912 875.41 -32.09 539.96 86.22 55.54 144.32 176.5908 58.3205 138.1491
0.000090 -0.005677 0.001733 875.85 -32.00 539.92 89.86 57.30 145.18 176.5842 58.3259 138.1479
0.000229 -0.005503 0.001636 875.88 -31.98 539.56 91.32 55.17 146.03 176.5942 58.3249 138.1678
0.000265 -0.004813 0.001797 875.43 -31.88 539.66 81.85 63.42 140.26 176.5888 58.3112 138.1319
0.000265 -0.004813 0.001797 875.43 -31.88 539.66 81.85 63.42 140.26 176.5888 58.3112 138.1319
0.000101 -0.004802 0.001821 875.22 -32.00 540.16 81.85 63.42 140.26 176.5902 58.3067 138.1042
0.000168 -0.004872 0.001671 875.28 -31.80 540.48 83.31 59.06 142.63 176.5994 58.3048 138.1116
0.000503 -0.005464 0.001457 875.16 -31.85 540.04 83.31 58.31 141.92 176.5970 58.3161 138.1077
0.001130 -0.005525 0.001299 875.50 -31.83 539.81 84.04 56.87 146.38 176.6082 58.3158 138.1347
0.001130 -0.005525 0.001299 875.50 -31.83 539.81 84.04 56.87 146.38 176.6082 58.3158 138.1347
0.001637 -0.005295 0.001755 875.68 -31.78 540.03 85.49 56.23 143.53 176.6021 58.3109 138.1315
0.001407 -0.005206 0.002043 875.79 -32.23 539.97 84.04 53.89 142.06 176.5834 58.3134 138.1341
-0.020588 -0.005579 0.001547 875.87 -32.31 539.67 84.77 54.69 145.73 176.3836 58.3206 138.1773
-0.025398 -0.005417 0.000992 875.35 -31.93 539.53 84.77 57.67 139.81 176.4078 58.3131 138.1854
-0.025398 -0.005417 0.000992 875.35 -31.93 539.53 84.77 57.67 139.81 176.4078 58.3131 138.1854
-0.021898 -0.005508 0.000816 875.69 -32.19 539.29 89.86 58.05 140.77 176.4052 58.3231 138.1565
-0.018898 -0.005537 0.001435 876.02 -32.07 539.52 88.41 58.69 142.88 176.4185 58.3172 138.1492
-0.016731 -0.005282 0.001926 875.57 -32.20 540.09 86.95 61.56 142.75 176.4081 58.3049 138.1060
-0.014822 -0.004990 0.001895 875.33 -32.44 540.11 89.86 58.80 147.34 176.4152 58.3042 138.1104
-0.012713 -0.004728 0.001305 875.22 -32.67 540.30 87.68 59.38 142.83 176.4233 58.2965 138.0952
-0.012713 -0.004728 0.001305 875.22 -32.67 540.30 87.68 59.38 142.83 176.4233 58.2965 138.0952
-0.011066 -0.004946 0.001047 875.09 -32.33 539.66 88.41 57.94 140.71 176.4407 58.3080 138.1021
