-0.000497 -0.004146 0.003384 -20.55 -23.55 1016.65 -148.98 44.79 283.40 178.5647 -1.1485 158.1957
-0.000244 -0.004566 0.003741 -20.78 -23.26 1017.73 -151.89 43.82 287.68 178.5753 -1.1496 158.2291
0.000337 -0.004734 0.004299 -21.34 -22.89 1017.99 -146.80 49.43 284.13 178.5833 -1.1625 158.2200
0.000489 -0.004627 0.004610 -21.71 -23.17 1017.98 -151.16 49.85 283.91 178.5751 -1.1639 158.2203
0.000489 -0.004627 0.004610 -21.71 -23.17 1017.98 -151.16 49.85 283.91 178.5751 -1.1639 158.2203
0.000197 -0.005098 0.004186 -21.60 -23.31 1017.55 -145.34 52.52 287.05 178.5801 -1.1588 158.2148
0.000304 -0.005621 0.004431 -21.16 -23.09 1017.00 -150.44 54.38 283.84 178.5826 -1.1500 158.1979
0.000984 -0.005087 0.004697 -20.47 -23.54 1017.14 -144.61 54.81 287.77 178.5819 -1.1512 158.1711
0.001120 -0.004547 0.004442 -20.17 -24.40 1017.64 -147.52 47.88 283.40 178.5695 -1.1522 158.1696
0.001120 -0.004547 0.004442 -20.17 -24.40 1017.64 -147.52 47.88 283.40 178.5695 -1.1522 158.1696
0.001137 -0.004376 0.004223 -20.11 -24.86 1018.16 -147.52 47.88 283.40 178.5736 -1.1533 158.1798
0.001101 -0.004172 0.004146 -19.84 -24.65 1018.73 -147.52 47.88 283.40 178.5752 -1.1509 158.1905
0.001401 -0.003692 0.003984 -19.25 -24.62 1019.22 -145.34 53.27 284.84 178.5782 -1.1473 158.1777
0.001994 -0.003675 0.003813 -18.56 -24.94 1018.74 -152.62 48.25 285.35 178.5774 -1.1370 158.1886
0.001994 -0.003675 0.003813 -18.56 -24.94 1018.74 -152.62 48.25 285.35 178.5774 -1.1370 158.1886
0.002016 -0.004475 0.003339 -18.28 -24.91 1018.77 -148.98 50.76 288.39 178.5810 -1.1285 158.1962
0.002088 -0.004835 0.002837 -18.49 -24.56 1019.07 -148.25 52.30 287.65 178.5868 -1.1318 158.1924
0.002475 -0.004191 0.002466 -18.78 -24.28 1019.04 -148.98 53.74 286.85 178.5942 -1.1405 158.1852
0.002218 -0.004103 0.002596 -19.07 -23.80 1018.95 -151.89 49.79 283.88 178.5991 -1.1421 158.1954
0.002218 -0.004103 0.002596 -19.07 -23.80 1018.95 -151.89 49.79 283.88 178.5991 -1.1421 158.1954
0.001535 -0.003908 0.002252 -18.93 -23.44 1018.60 -145.34 47.30 288.64 178.5975 -1.1404 158.2116
0.000853 -0.003848 0.002303 -18.30 -22.54 1019.41 -148.98 50.01 286.21 178.6093 -1.1309 158.2295
0.000243 -0.003934 0.002293 -17.99 -21.85 1020.37 -153.35 51.92 283.76 178.6112 -1.1283 158.2391
0.000048 -0.004355 0.001846 -18.36 -22.52 1020.63 -148.98 47.03 286.28 178.5992 -1.1299 158.2434
0.000048 -0.004355 0.001846 -18.36 -22.52 1020.63 -148.98 47.03 286.28 178.5992 -1.1299 158.2434
-0.000372 -0.004339 0.002432 -18.78 -23.70 1020.59 -148.25 51.56 283.28 178.5841 -1.1345 158.2200
-0.000315 -0.004583 0.002820 -19.04 -23.93 1021.22 -150.44 54.38 288.96 178.5886 -1.1337 158.2090
-0.000197 -0.004597 0.003359 -19.17 -23.59 1022.08 -147.52 50.86 284.79 178.5943 -1.1353 158.2052
-0.000209 -0.005039 0.004094 -19.26 -24.21 1021.96 -147.52 50.86 284.79 178.5825 -1.1317 158.1848
-0.000209 -0.005039 0.004094 -19.26 -24.21 1021.96 -147.52 50.86 284.79 178.5825 -1.1317 158.1848
0.000631 -0.005795 0.003631 -19.77 -25.05 1021.23 -148.25 48.57 286.28 178.5827 -1.1333 158.1864
0.001100 -0.005870 0.002833 -19.88 -25.18 1021.28 -152.62 55.71 284.44 178.5853 -1.1327 158.1784
0.001313 -0.005189 0.002567 -19.95 -25.00 1020.80 -151.89 55.02 282.29 178.5890 -1.1399 158.1685
0.001391 -0.005303 0.002087 -19.83 -24.92 1020.12 -148.98 47.03 285.55 178.5895 -1.1357 158.1861
0.001391 -0.005303 0.002087 -19.83 -24.92 1020.12 -148.98 47.03 285.55 178.5895 -1.1357 158.1861
0.000929 -0.005802 0.001745 -19.51 -24.90 1020.34 -145.34 44.31 281.39 178.5861 -1.1274 158.2087
0.001666 -0.006090 0.002252 -19.49 -25.02 1020.06 -151.16 46.86 283.98 178.5907 -1.1259 158.2184
0.001575 -0.005807 0.001915 -18.92 -25.19 1020.60 -148.25 50.06 285.51 178.5875 -1.1191 158.2242
0.001052 -0.005879 0.001003 -18.58 -25.49 1020.20 -151.89 53.53 282.33 178.5793 -1.1137 158.2222
0.000649 -0.006206 0.000910 -19.13 -25.80 1019.68 -146.80 52.41 285.52 178.5725 -1.1182 158.2048
0.000649 -0.006206 0.000910 -19.13 -25.80 1019.68 -146.80 52.41 285.52 178.5725 -1.1182 158.2048
0.000292 -0.006539 -0.000052 -18.84 -25.45 1020.03 -151.16 52.09 283.13 178.5743 -1.1088 158.2178
0.000409 -0.006197 0.000146 -19.28 -25.78 1020.17 -151.16 54.33 288.20 178.5690 -1.1172 158.1970
-0.000449 -0.006251 0.000622 -19.26 -25.21 1020.83 -151.89 49.79 279.49 178.5703 -1.1143 158.2102
-0.000296 -0.005901 0.000847 -19.06 -25.13 1020.31 -152.62 47.50 284.63 178.5701 -1.1137 158.2259
-0.000296 -0.005901 0.000847 -19.06 -25.13 1020.31 -152.62 47.50 284.63 178.5701 -1.1137 158.2259
0.000032 -0.005659 0.000491 -19.13 -25.44 1020.02 -152.62 47.50 284.63 178.5676 -1.1155 158.2418
-0.000358 -0.005117 0.000330 -18.53 -25.42 1019.79 -148.25 45.59 284.15 178.5642 -1.1108 158.2642
-0.000619 -0.005397 -0.000455 -18.17 -25.69 1021.21 -149.71 52.19 286.12 178.5580 -1.1030 158.2642
-0.000849 -0.004785 -0.000770 -18.76 -25.38 1021.87 -146.07 50.97 287.79 178.5594 -1.1141 158.2621
-0.000817 -0.004074 -0.000911 -19.46 -25.54 1022.14 -149.71 46.23 281.87 178.5561 -1.1268 158.2768
-0.000817 -0.004074 -0.000911 -19.46 -25.54 1022.14 -149.71 46.23 281.87 178.5561 -1.1268 158.2768
-0.000315 -0.004014 -0.000920 -20.01 -26.26 1021.43 -148.25 50.81 290.61 178.5492 -1.1340 158.2634
0.000252 -0.003965 0.000453 -19.58 -26.06 1019.88 -148.98 51.50 286.90 178.5551 -1.1303 158.2544
0.000252 -0.003965 0.000453 -19.58 -26.06 1019.88 -148.98 51.50 286.90 178.5551 -1.1303 158.2544
0.000717 -0.003925 -0.000007 -19.42 -25.64 1020.66 -149.71 48.46 281.82 178.5624 -1.1294 158.2718
0.000239 -0.004016 0.000485 -19.11 -25.81 1019.74 -148.98 51.50 283.25 178.5558 -1.1257 158.2637
-0.000126 -0.004506 0.001167 -19.20 -25.81 1018.47 -148.98 51.50 284.71 178.5516 -1.1235 158.2540
0.000200 -0.003995 0.001187 -18.80 -26.62 1017.58 -154.81 46.59 288.21 178.5434 -1.1228 158.2676
-0.000413 -0.004494 0.000766 -19.40 -26.37 1018.43 -143.88 50.39 284.98 178.5395 -1.1257 158.2624
-0.000413 -0.004494 0.000766 -19.40 -26.37 1018.43 -143.88 50.39 284.98 178.5395 -1.1257 158.2624
0.000591 -0.004190 0.001075 -19.08 -26.01 1019.03 -144.61 53.32 287.80 178.5493 -1.1245 158.2469
0.000978 -0.004219 0.001321 -18.78 -26.89 1019.37 -149.71 52.94 282.45 178.5425 -1.1204 158.2295
0.000728 -0.004084 0.001163 -18.30 -26.59 1020.14 -149.71 52.94 282.45 178.5426 -1.1160 158.2274
0.000728 -0.004084 0.001163 -18.30 -26.59 1020.14 -149.71 52.94 282.45 178.5426 -1.1160 158.2274
0.000727 -0.004438 0.001654 -17.30 -26.70 1019.31 -154.81 55.55 281.41 178.5387 -1.1005 158.2161
0.001436 -0.005017 0.000734 -18.07 -26.98 1019.70 -148.25 47.08 284.12 178.5394 -1.1030 158.2273
0.002044 -0.004699 0.000372 -17.56 -26.95 1019.20 -145.34 48.04 280.57 178.5427 -1.0995 158.2359
0.002209 -0.005388 0.000347 -16.82 -26.72 1019.15 -159.25 50.00 280.60 178.5464 -1.0833 158.2566
0.001651 -0.005338 0.000386 -16.02 -26.40 1019.80 -154.08 47.08 284.85 178.5446 -1.0718 158.2758
0.001651 -0.005338 0.000386 -16.02 -26.40 1019.80 -154.08 47.08 284.85 178.5446 -1.0718 158.2758
0.001654 -0.005822 0.001343 -15.85 -25.87 1020.84 -150.44 43.66 289.77 178.5500 -1.0605 158.3085
0.002264 -0.005615 0.001576 -16.60 -26.90 1020.42 -149.71 51.45 285.45 178.5444 -1.0672 158.3025
0.002087 -0.005948 0.001457 -17.39 -26.87 1020.19 -153.35 42.97 292.73 178.5413 -1.0725 158.2928
0.002541 -0.006124 0.000330 -17.49 -26.73 1020.66 -145.34 56.25 283.89 178.5460 -1.0695 158.3364
0.002541 -0.006124 0.000330 -17.49 -26.73 1020.66 -145.34 56.25 283.89 178.5460 -1.0695 158.3364
0.002415 -0.006695 0.000179 -18.23 -26.44 1020.60 -151.16 52.83 281.65 178.5487 -1.0701 158.3091
0.002222 -0.006471 0.000183 -18.81 -26.22 1020.22 -150.44 52.14 283.89 178.5496 -1.0785 158.3015
0.002379 -0.006413 -0.000539 -18.83 -26.25 1020.13 -148.98 44.79 280.48 178.5495 -1.0782 158.3029
0.002379 -0.006413 -0.000539 -18.83 -26.25 1020.13 -148.98 44.79 280.48 178.5495 -1.0782 158.3029
0.002650 -0.006141 -0.000450 -18.51 -26.34 1020.57 -148.98 44.79 280.48 178.5524 -1.0757 158.3254
0.002666 -0.006372 -0.000589 -18.44 -27.10 1021.09 -152.62 48.25 286.81 178.5437 -1.0717 158.3403
0.002426 -0.006695 -0.000096 -18.47 -27.14 1021.36 -152.62 48.99 283.86 178.5404 -1.0683 158.3488
0.002255 -0.006524 0.000471 -18.18 -27.14 1022.39 -153.35 51.92 283.03 178.5400 -1.0639 158.3535
0.002255 -0.006524 0.000471 -18.18 -27.14 1022.39 -153.35 51.92 283.03 178.5400 -1.0639 158.3535
0.001947 -0.006689 -0.000058 -18.27 -27.39 1023.39 -148.25 47.08 284.85 178.5351 -1.0627 158.3565
0.001698 -0.006697 -0.000197 -18.29 -27.82 1023.45 -151.89 50.54 280.94 178.5251 -1.0579 158.3597
0.001327 -0.006343 -0.000309 -18.60 -27.43 1022.82 -150.44 42.44 287.78 178.5290 -1.0648 158.3713
0.001188 -0.006121 0.000213 -17.86 -28.00 1021.87 -150.44 52.14 290.48 178.5156 -1.0625 158.3874
0.001230 -0.006922 -0.000101 -17.02 -27.28 1021.77 -147.52 51.61 286.97 178.5207 -1.0422 158.3939
0.001230 -0.006922 -0.000101 -17.02 -27.28 1021.77 -147.52 51.61 286.97 178.5207 -1.0422 158.3939
0.001271 -0.006841 -0.000301 -16.73 -26.70 1022.20 -147.52 51.61 289.17 178.5299 -1.0319 158.3962
0.001092 -0.006249 -0.000364 -16.76 -26.28 1022.09 -148.98 51.50 287.64 178.5333 -1.0354 158.3937
0.001131 -0.005910 -0.000226 -16.73 -25.72 1022.28 -146.80 49.43 289.98 178.5443 -1.0337 158.3937
0.001131 -0.005910 -0.000226 -16.73 -25.72 1022.28 -146.80 49.43 289.98 178.5443 -1.0337 158.3937
0.001284 -0.005678 -0.000002 -17.03 -25.28 1022.08 -151.89 52.78 288.20 178.5407 -1.0323 158.4013
0.001013 -0.005617 0.000367 -17.57 -25.52 1021.61 -150.44 50.65 283.93 178.5370 -1.0466 158.3885
0.000611 -0.005665 0.000428 -17.86 -25.44 1021.00 -150.44 50.65 283.93 178.5381 -1.0407 158.3839
0.000270 -0.005627 0.000365 -17.77 -25.07 1020.55 -147.52 49.37 282.63 178.5408 -1.0460 158.3980
0.000270 -0.005627 0.000365 -17.77 -25.07 1020.55 -147.52 49.37 282.63 178.5408 -1.0460 158.3980
-0.000110 -0.005980 0.000587 -18.25 -24.51 1019.34 -151.16 49.10 281.74 178.5456 -1.0449 158.4061
-0.000332 -0.006356 0.001162 -18.66 -24.31 1019.41 -149.71 52.94 287.57 178.5408 -1.0493 158.3889
-0.000412 -0.006655 0.001074 -18.97 -24.37 1019.76 -146.80 55.40 286.92 178.5469 -1.0459 158.3767
-0.000239 -0.006598 0.000840 -19.29 -24.48 1019.15 -147.52 53.10 281.08 178.5379 -1.0574 158.3496
0.000396 -0.006179 0.001031 -19.72 -25.52 1019.84 -147.52 47.88 287.79 178.5340 -1.0605 158.3448
0.000804 -0.005545 0.001018 -19.73 -26.33 1019.87 -148.25 47.08 282.65 178.5260 -1.0665 158.3496
0.000804 -0.005545 0.001018 -19.73 -26.33 1019.87 -148.25 47.08 282.65 178.5260 -1.0665 158.3496
0.000726 -0.004902 0.000769 -19.66 -26.77 1019.05 -151.89 50.54 281.67 178.5236 -1.0704 158.3538
0.000733 -0.004507 0.000729 -19.51 -26.72 1018.44 -145.34 52.52 284.86 178.5243 -1.0708 158.3391
0.000912 -0.004523 0.001226 -19.28 -26.26 1018.10 -149.71 52.19 289.05 178.5346 -1.0685 158.3355
0.001128 -0.005231 0.002041 -18.81 -25.70 1017.22 -151.16 55.07 286.72 178.5378 -1.0532 158.3189
0.001602 -0.006558 0.002555 -18.32 -25.74 1016.49 -148.98 50.01 286.21 178.5392 -1.0392 158.3146
0.001602 -0.006558 0.002555 -18.32 -25.74 1016.49 -148.98 50.01 286.21 178.5392 -1.0392 158.3146
0.002013 -0.006703 0.002172 -18.40 -25.64 1016.37 -147.52 48.63 288.51 178.5468 -1.0477 158.3273
0.001343 -0.006998 0.001595 -18.56 -25.16 1016.62 -147.52 48.63 288.51 178.5441 -1.0395 158.3379
0.001333 -0.007214 0.000951 -18.83 -25.04 1016.80 -143.15 49.70 282.83 178.5477 -1.0459 158.3338
0.001333 -0.007214 0.000951 -18.83 -25.04 1016.80 -143.15 49.70 282.83 178.5477 -1.0459 158.3338
0.001389 -0.006778 0.001004 -18.86 -25.41 1017.16 -150.44 51.39 283.91 178.5403 -1.0451 158.3234
0.001555 -0.006718 0.000418 -18.59 -25.49 1017.57 -148.25 47.83 288.49 178.5464 -1.0400 158.3450
0.002335 -0.006583 0.000423 -18.63 -25.28 1017.34 -147.52 53.10 288.40 178.5558 -1.0447 158.3269
0.002265 -0.006128 -0.000020 -19.56 -25.18 1016.97 -147.52 50.12 284.81 178.5538 -1.0642 158.3289
0.001756 -0.006341 0.000189 -20.22 -25.31 1017.37 -147.52 51.61 281.85 178.5490 -1.0632 158.3121
0.001756 -0.006341 0.000189 -20.22 -25.31 1017.37 -147.52 51.61 281.85 178.5490 -1.0632 158.3121
0.001960 -0.006180 0.000936 -19.91 -25.31 1018.16 -148.25 45.59 284.88 178.5550 -1.0609 158.3290
0.001660 -0.005681 0.000370 -19.40 -25.56 1018.13 -148.98 47.03 282.62 178.5451 -1.0594 158.3456
0.001660 -0.005681 0.000370 -19.40 -25.56 1018.13 -148.98 47.03 282.62 178.5451 -1.0594 158.3456
0.001172 -0.005819 0.000735 -19.18 -25.58 1017.34 -151.89 46.81 289.07 178.5453 -1.0561 158.3575
0.001380 -0.005514 0.000952 -19.26 -25.12 1016.48 -146.07 53.96 280.40 178.5546 -1.0631 158.3457
0.001157 -0.005393 0.000683 -19.51 -24.53 1016.72 -150.44 46.92 284.75 178.5593 -1.0664 158.3683
0.000935 -0.005798 0.000489 -19.49 -24.35 1016.65 -146.07 48.73 284.18 178.5587 -1.0618 158.3716
0.000935 -0.005798 0.000489 -19.49 -24.35 1016.65 -146.07 48.73 284.18 178.5587 -1.0618 158.3716
0.001342 -0.006291 0.000175 -19.35 -23.92 1017.37 -146.07 53.21 284.81 178.5712 -1.0571 158.3674
0.001586 -0.006371 0.000173 -20.06 -23.58 1018.41 -146.07 53.21 284.81 178.5769 -1.0696 158.3504
0.000980 -0.006330 -0.000054 -19.99 -23.74 1019.20 -149.71 50.70 285.43 178.5699 -1.0646 158.3532
0.000724 -0.007031 0.000156 -19.52 -24.03 1019.17 -151.16 44.63 281.11 178.5670 -1.0533 158.3754
0.000724 -0.007031 0.000156 -19.52 -24.03 1019.17 -151.16 44.63 281.11 178.5670 -1.0533 158.3754
0.001189 -0.006931 0.000067 -19.74 -24.82 1018.54 -151.89 52.03 286.02 178.5606 -1.0607 158.3631
0.001530 -0.006978 -0.000243 -19.58 -25.51 1018.81 -150.44 47.66 280.34 178.5582 -1.0552 158.3752
0.002495 -0.007039 -0.000085 -19.24 -25.34 1017.80 -151.89 49.79 283.88 178.5700 -1.0515 158.3840
0.001572 -0.007442 -0.000285 -18.86 -25.50 1016.48 -151.16 58.06 282.26 178.5577 -1.0429 158.3600
0.001830 -0.007392 0.000085 -17.96 -25.66 1015.84 -148.25 52.30 285.46 178.5599 -1.0307 158.3512
0.001830 -0.007392 0.000085 -17.96 -25.66 1015.84 -148.25 52.30 285.46 178.5599 -1.0307 158.3512
0.001372 -0.006847 -0.000389 -17.92 -25.61 1016.56 -151.16 51.34 283.15 178.5571 -1.0355 158.3566
0.002407 -0.006079 -0.000742 -18.29 -25.45 1016.44 -148.98 52.25 286.89 178.5678 -1.0445 158.3521
0.002260 -0.006285 -0.000702 -18.58 -25.28 1016.47 -150.44 49.16 283.23 178.5685 -1.0446 158.3595
0.002093 -0.006084 -0.000505 -18.42 -25.05 1015.84 -143.88 51.88 287.87 178.5706 -1.0434 158.3483
0.002093 -0.006084 -0.000505 -18.42 -25.05 1015.84 -143.88 51.88 287.87 178.5706 -1.0434 158.3483
0.001954 -0.006573 0.000400 -18.52 -24.66 1016.71 -146.80 50.17 286.31 178.5756 -1.0407 158.3433
0.001495 -0.006694 0.000935 -18.42 -24.36 1017.33 -149.71 53.69 286.09 178.5766 -1.0380 158.3331
0.000610 -0.006741 0.001450 -18.21 -24.18 1017.42 -149.71 53.69 286.09 178.5730 -1.0343 158.3214
0.000116 -0.006453 0.001500 -18.34 -23.71 1017.74 -151.16 53.58 280.90 178.5765 -1.0378 158.3189
0.000381 -0.005499 0.001283 -18.60 -24.05 1017.45 -148.25 44.84 289.29 178.5740 -1.0473 158.3347
0.000381 -0.005499 0.001283 -18.60 -24.05 1017.45 -148.25 44.84 289.29 178.5740 -1.0473 158.3347
0.000185 -0.005272 0.000849 -19.02 -24.99 1017.80 -150.44 47.66 283.27 178.5619 -1.0533 158.3387
0.000581 -0.005668 0.000876 -18.88 -25.32 1017.59 -151.89 45.32 281.06 178.5626 -1.0487 158.3603
0.000709 -0.005243 0.001273 -18.89 -25.19 1018.46 -148.25 53.80 288.35 178.5652 -1.0522 158.3445
0.000465 -0.005654 0.000400 -19.54 -24.96 1018.16 -150.44 52.89 287.53 178.5661 -1.0579 158.3425
0.000465 -0.005654 0.000400 -19.54 -24.96 1018.16 -150.44 52.89 287.53 178.5661 -1.0579 158.3425
0.000151 -0.006046 -0.000210 -19.72 -25.01 1017.19 -149.71 50.70 283.96 178.5625 -1.0578 158.3449
0.000520 -0.005587 0.000168 -20.13 -25.35 1017.47 -147.52 53.10 287.67 178.5614 -1.0669 158.3241
0.000200 -0.006415 0.000064 -20.98 -25.49 1017.50 -148.25 52.30 288.38 178.5574 -1.0722 158.3102
0.000409 -0.005352 0.000562 -20.35 -25.79 1018.30 -145.34 55.50 280.40 178.5546 -1.0739 158.2821
0.000409 -0.005352 0.000562 -20.35 -25.79 1018.30 -145.34 55.50 280.40 178.5546 -1.0739 158.2821
0.001010 -0.005602 0.001564 -20.61 -25.52 1019.00 -145.34 47.30 286.45 178.5629 -1.0766 158.2820
0.000166 -0.005109 0.000950 -21.05 -25.72 1019.26 -148.98 53.00 284.67 178.5542 -1.0872 158.2713
-0.000249 -0.005649 0.000193 -21.33 -25.53 1018.55 -146.07 45.75 284.25 178.5524 -1.0893 158.2895
-0.000249 -0.005649 0.000193 -21.33 -25.53 1018.55 -146.07 45.75 284.25 178.5524 -1.0893 158.2895
-0.000446 -0.005847 0.000009 -21.13 -25.06 1017.58 -146.07 45.75 284.25 178.5546 -1.0874 158.3093
-0.000116 -0.005154 0.000665 -21.51 -25.21 1016.59 -147.52 47.13 283.42 178.5546 -1.0994 158.3102
0.000028 -0.004667 0.000305 -21.54 -24.79 1017.63 -148.25 50.06 281.85 178.5607 -1.1063 158.3172
-0.000149 -0.004360 0.000398 -21.12 -24.97 1017.81 -150.44 46.17 289.16 178.5573 -1.1057 158.3330
-0.000166 -0.003612 0.000291 -20.90 -24.96 1017.76 -142.43 50.50 287.97 178.5561 -1.1118 158.3236
-0.000166 -0.003612 0.000291 -20.90 -24.96 1017.76 -142.43 50.50 287.97 178.5561 -1.1118 158.3236
0.000354 -0.003212 0.000420 -20.52 -25.29 1017.09 -151.89 55.02 283.02 178.5563 -1.1129 158.3078
0.000192 -0.002683 0.000782 -20.12 -25.19 1017.54 -151.16 49.59 290.82 178.5563 -1.1145 158.3051
0.000289 -0.002255 0.001950 -20.07 -26.12 1016.34 -145.34 48.36 281.02 178.5456 -1.1181 158.2970
0.000289 -0.002255 0.001950 -20.07 -26.12 1016.34 -145.34 48.36 281.02 178.5456 -1.1181 158.2970
0.000362 -0.001538 0.002340 -20.20 -26.93 1016.49 -147.52 47.39 286.45 178.5373 -1.1316 158.2875
0.000015 -0.002421 0.002637 -19.27 -26.75 1017.10 -148.25 56.78 280.51 178.5330 -1.1167 158.3028
0.000679 -0.002864 0.003309 -18.81 -26.75 1016.92 -149.71 45.48 286.82 178.5357 -1.1076 158.2693
0.000735 -0.002702 0.002581 -18.60 -26.15 1016.56 -150.44 49.90 282.48 178.5435 -1.1105 158.2983
0.000540 -0.003621 0.001745 -18.24 -26.03 1016.88 -151.89 51.29 282.38 178.5395 -1.0977 158.3093
0.000540 -0.003621 0.001745 -18.24 -26.03 1016.88 -151.89 51.29 282.38 178.5395 -1.0977 158.3093
0.001046 -0.003821 0.001522 -18.42 -25.54 1017.45 -151.89 51.29 282.38 178.5491 -1.0978 158.3171
0.001176 -0.004113 0.001685 -18.79 -25.15 1017.55 -151.16 54.33 286.00 178.5538 -1.1013 158.3154
0.001126 -0.003772 0.001625 -18.39 -24.36 1018.18 -149.71 51.45 282.48 178.5641 -1.0986 158.3183
0.001081 -0.003275 0.002604 -18.19 -24.28 1018.21 -150.44 49.90 290.53 178.5667 -1.0981 158.3106
0.001081 -0.003275 0.002604 -18.19 -24.28 1018.21 -150.44 49.90 290.53 178.5667 -1.0981 158.3106
0.001198 -0.003273 0.002396 -19.01 -24.39 1019.65 -147.52 50.86 284.06 178.5656 -1.1069 158.3079
0.001413 -0.003088 0.001504 -19.45 -24.21 1020.63 -146.07 46.50 285.70 178.5741 -1.1167 158.3112
0.001476 -0.003168 0.000781 -19.44 -24.60 1020.58 -149.71 50.70 290.55 178.5692 -1.1161 158.3249
0.001416 -0.003123 0.000968 -19.47 -24.73 1019.85 -152.62 48.99 283.86 178.5715 -1.1189 158.3203
0.001416 -0.003123 0.000968 -19.47 -24.73 1019.85 -152.62 48.99 283.86 178.5715 -1.1189 158.3203
0.000760 -0.003576 0.000947 -19.29 -24.55 1019.89 -146.80 47.93 288.56 178.5661 -1.1195 158.3307
0.000704 -0.004322 0.000837 -18.91 -24.31 1020.31 -150.44 52.14 286.82 178.5709 -1.1058 158.3457
0.000486 -0.004596 0.001047 -18.74 -24.56 1020.04 -151.16 46.86 284.72 178.5694 -1.1056 158.3367
0.000486 -0.004596 0.001047 -18.74 -24.56 1020.04 -151.16 46.86 284.72 178.5694 -1.1056 158.3367
0.000095 -0.005234 0.000527 -18.48 -25.06 1020.04 -152.62 48.99 286.79 178.5535 -1.0948 158.3522
0.000231 -0.005045 0.000297 -18.34 -25.45 1020.52 -151.16 50.59 284.63 178.5567 -1.0917 158.3626
0.000854 -0.004440 0.000640 -18.43 -25.58 1020.91 -143.88 48.15 285.76 178.5598 -1.0881 158.3607
0.000859 -0.003960 0.000862 -19.24 -25.33 1022.00 -143.88 48.15 285.76 178.5643 -1.1171 158.3581
0.001036 -0.003426 0.001373 -19.76 -25.05 1021.69 -148.25 48.57 286.28 178.5670 -1.1235 158.3587
0.001036 -0.003426 0.001373 -19.76 -25.05 1021.69 -148.25 48.57 286.28 178.5670 -1.1235 158.3587
0.001494 -0.003182 0.002123 -19.95 -25.06 1021.74 -152.62 49.74 282.38 178.5735 -1.1275 158.3585
0.001476 -0.002988 0.002821 -19.90 -24.79 1020.87 -150.44 52.14 280.23 178.5728 -1.1284 158.3515
0.001512 -0.002956 0.002653 -19.51 -24.85 1020.66 -148.98 49.26 284.03 178.5737 -1.1210 158.3608
0.001512 -0.002956 0.002653 -19.51 -24.85 1020.66 -148.98 49.26 284.03 178.5737 -1.1210 158.3608
0.001423 -0.002908 0.002409 -19.40 -24.88 1021.22 -152.62 51.23 284.54 178.5737 -1.1308 158.3582
0.001425 -0.002842 0.002639 -19.60 -25.03 1020.54 -146.80 49.43 282.67 178.5696 -1.1282 158.3513
0.001569 -0.002723 0.001795 -19.32 -25.35 1019.87 -148.25 47.08 284.12 178.5706 -1.1280 158.3761
0.001806 -0.002017 0.000952 -18.95 -25.23 1019.40 -148.25 49.32 284.80 178.5751 -1.1317 158.3796
0.001824 -0.002155 0.000181 -19.13 -25.00 1019.48 -145.34 47.30 290.10 178.5781 -1.1336 158.3980
0.001824 -0.002155 0.000181 -19.13 -25.00 1019.48 -145.34 47.30 290.10 178.5781 -1.1336 158.3980
0.001876 -0.002539 -0.000566 -19.30 -24.63 1019.70 -148.25 50.81 284.03 178.5848 -1.1311 158.4000
0.001953 -0.002594 -0.000235 -18.93 -24.39 1019.03 -152.62 50.49 286.76 178.5869 -1.1272 158.4043
0.002037 -0.003070 0.000538 -18.26 -24.18 1018.89 -151.16 48.36 283.22 178.5927 -1.1109 158.4155
0.002188 -0.003518 0.001218 -18.13 -24.03 1018.88 -150.44 50.65 285.39 178.5956 -1.1168 158.4114
0.002188 -0.003518 0.001218 -18.13 -24.03 1018.88 -150.44 50.65 285.39 178.5956 -1.1168 158.4114
0.001763 -0.003683 0.001860 -18.81 -24.25 1018.31 -150.44 50.65 285.39 178.5870 -1.1236 158.3987
0.000756 -0.004074 0.002729 -19.64 -24.38 1018.65 -146.07 50.23 279.76 178.5824 -1.1309 158.3860
0.000062 -0.004332 0.003694 -20.44 -24.11 1019.07 -148.98 50.76 285.46 178.5838 -1.1400 158.3759
-0.000123 -0.005489 0.004600 -20.87 -23.89 1018.07 -145.34 51.77 281.95 178.5853 -1.1317 158.3567
-0.000123 -0.005489 0.004600 -20.87 -23.89 1018.07 -145.34 51.77 281.95 178.5853 -1.1317 158.3567
-0.000478 -0.005163 0.005097 -20.69 -23.77 1017.71 -149.71 52.94 283.18 178.5835 -1.1380 158.3475
-0.000480 -0.004689 0.004973 -20.47 -24.11 1017.59 -152.62 54.96 287.38 178.5778 -1.1376 158.3289
-0.000978 -0.004968 0.004859 -19.73 -24.35 1018.12 -149.71 50.70 283.23 178.5725 -1.1217 158.3319
-0.000978 -0.004968 0.004859 -19.73 -24.35 1018.12 -149.71 50.70 283.23 178.5725 -1.1217 158.3319
-0.001445 -0.005300 0.004585 -19.62 -24.12 1018.96 -147.52 53.10 281.81 178.5741 -1.1257 158.3221
-0.001303 -0.005600 0.003783 -19.61 -23.73 1018.65 -150.44 50.65 285.39 178.5805 -1.1193 158.3342
-0.000908 -0.005638 0.003953 -19.52 -24.06 1018.23 -141.70 55.77 286.42 178.5750 -1.1201 158.2873
-0.000257 -0.005301 0.003562 -19.76 -24.50 1017.71 -146.07 53.21 283.34 178.5772 -1.1268 158.2737
-0.000257 -0.005301 0.003562 -19.76 -24.50 1017.71 -146.07 53.21 283.34 178.5772 -1.1268 158.2737
0.000430 -0.005485 0.003706 -19.83 -24.84 1018.06 -145.34 59.23 290.55 178.5779 -1.1227 158.2252
0.000773 -0.005553 0.004175 -19.82 -24.65 1019.37 -151.89 49.79 285.34 178.5857 -1.1234 158.2329
0.001181 -0.005649 0.003674 -20.31 -24.62 1019.94 -146.80 49.43 289.98 178.5873 -1.1302 158.2318
0.001332 -0.005438 0.003121 -20.84 -24.17 1020.18 -146.80 49.43 289.98 178.5972 -1.1382 158.2398
0.001947 -0.005674 0.003245 -20.97 -24.61 1019.36 -146.80 46.44 284.93 178.5919 -1.1365 158.2365
0.001947 -0.005674 0.003245 -20.97 -24.61 1019.36 -146.80 46.44 284.93 178.5919 -1.1365 158.2365
0.001892 -0.005508 0.003807 -21.12 -25.13 1019.23 -143.15 53.43 284.94 178.5893 -1.1421 158.2068
0.001748 -0.006119 0.003966 -20.68 -24.73 1019.80 -151.16 50.59 283.90 178.5959 -1.1289 158.2163
0.001748 -0.006119 0.003966 -20.68 -24.73 1019.80 -151.16 50.59 283.90 178.5959 -1.1289 158.2163
0.001741 -0.006383 0.004145 -20.62 -24.77 1020.15 -150.44 52.14 283.89 178.5938 -1.1301 158.2051
0.001463 -0.006554 0.004085 -20.97 -24.98 1020.03 -148.25 54.54 282.48 178.5901 -1.1339 158.1841
0.002052 -0.005584 0.003299 -20.70 -25.15 1019.99 -147.52 50.12 284.81 178.5938 -1.1373 158.1883
0.002338 -0.006012 0.002606 -20.64 -24.72 1020.10 -144.61 47.35 288.67 178.6029 -1.1330 158.2027
0.002427 -0.006238 0.002026 -20.45 -24.06 1020.52 -145.34 45.06 284.30 178.6121 -1.1295 158.2298
0.002701 -0.005826 0.002084 -20.61 -24.12 1020.99 -148.98 47.03 285.55 178.6134 -1.1359 158.2376
0.002701 -0.005826 0.002084 -20.61 -24.12 1020.99 -148.98 47.03 285.55 178.6134 -1.1359 158.2376
0.002135 -0.004331 0.001767 -21.17 -24.14 1020.18 -146.80 51.67 284.81 178.6107 -1.1557 158.2300
0.002265 -0.004264 0.001483 -21.59 -23.95 1019.63 -150.44 51.39 285.37 178.6163 -1.1608 158.2310
0.002029 -0.003271 0.002060 -21.44 -23.57 1019.40 -143.15 56.41 285.60 178.6206 -1.1685 158.2000
0.002659 -0.003190 0.002524 -21.46 -23.75 1019.44 -152.62 53.47 286.69 178.6241 -1.1715 158.1880
0.002659 -0.003190 0.002524 -21.46 -23.75 1019.44 -152.62 53.47 286.69 178.6241 -1.1715 158.1880
0.002848 -0.004406 0.002581 -21.52 -23.48 1018.76 -152.62 53.47 286.69 178.6315 -1.1656 158.1852
0.001982 -0.005069 0.002067 -20.99 -23.84 1018.82 -147.52 51.61 282.58 178.6214 -1.1553 158.1806
0.001599 -0.005405 0.001857 -20.59 -24.23 1019.79 -149.71 49.21 281.80 178.6163 -1.1492 158.1862
0.001599 -0.005405 0.001857 -20.59 -24.23 1019.79 -149.71 49.21 281.80 178.6163 -1.1492 158.1862
0.000699 -0.005583 0.001811 -20.42 -24.15 1019.21 -146.07 49.48 283.43 178.6119 -1.1468 158.1880
0.001264 -0.004602 0.002220 -20.20 -23.67 1019.18 -148.98 55.23 288.28 178.6225 -1.1518 158.1739
0.001329 -0.004009 0.001955 -19.65 -23.45 1020.22 -154.81 51.82 285.89 178.6263 -1.1492 158.1849
0.002109 -0.003368 0.001559 -19.91 -23.80 1021.48 -148.25 52.30 289.85 178.6290 -1.1574 158.1754
0.002425 -0.004065 0.001311 -19.58 -24.09 1021.70 -142.43 49.00 290.20 178.6296 -1.1485 158.1717
0.002425 -0.004065 0.001311 -19.58 -24.09 1021.70 -142.43 49.00 290.20 178.6296 -1.1485 158.1717
0.002123 -0.004606 0.001206 -19.61 -23.90 1022.04 -146.80 51.67 284.81 178.6316 -1.1452 158.1682
0.001698 -0.004518 0.001694 -20.22 -23.05 1022.46 -144.61 51.83 284.18 178.6397 -1.1533 158.1613
0.002463 -0.005215 0.001204 -20.41 -22.15 1022.85 -149.71 53.69 284.62 178.6579 -1.1507 158.1647
0.002463 -0.005215 0.001204 -20.41 -22.15 1022.85 -149.71 53.69 284.62 178.6579 -1.1507 158.1647
0.001667 -0.004695 0.001582 -20.77 -21.79 1022.84 -148.98 47.03 287.01 178.6594 -1.1590 158.1799
0.000822 -0.004332 0.001352 -21.18 -21.95 1022.35 -144.61 49.59 283.50 178.6527 -1.1673 158.1775
0.002128 -0.003820 0.001821 -20.88 -22.22 1021.59 -146.07 46.50 287.16 178.6619 -1.1693 158.1854
0.002077 -0.004037 0.001630 -20.44 -21.89 1021.36 -146.07 46.50 287.16 178.6681 -1.1638 158.2049
0.001945 -0.004309 0.000607 -21.25 -22.16 1020.99 -147.52 50.86 290.65 178.6662 -1.1721 158.2041
0.001945 -0.004309 0.000607 -21.25 -22.16 1020.99 -147.52 50.86 290.65 178.6662 -1.1721 158.2041
0.002600 -0.004336 0.000998 -20.77 -22.80 1019.52 -151.89 50.54 283.13 178.6670 -1.1684 158.2028
0.002178 -0.005175 0.000764 -20.88 -23.55 1018.72 -151.89 50.54 287.52 178.6566 -1.1637 158.2017
0.002580 -0.004896 0.001359 -20.66 -24.66 1018.11 -143.88 51.14 286.42 178.6479 -1.1649 158.1767
0.003096 -0.005454 0.001279 -19.84 -24.40 1016.98 -146.07 47.24 279.83 178.6565 -1.1516 158.1920
0.003096 -0.005454 0.001279 -19.84 -24.40 1016.98 -146.07 47.24 279.83 178.6565 -1.1516 158.1920
0.002381 -0.005800 0.001434 -19.31 -24.70 1016.69 -150.70 51.39 283.91 178.6485 -1.1404 158.1897
0.001852 -0.005639 0.001659 -20.05 -24.74 1017.94 -148.98 51.30 290.91 178.6447 -1.1484 158.1698
0.001686 -0.005278 0.001679 -20.58 -25.18 1017.41 -146.07 46.28 282.64 178.6393 -1.1581 158.1774
0.001133 -0.005344 0.001385 -20.60 -25.20 1016.94 -151.89 51.54 282.65 178.6322 -1.1585 158.1704
0.001133 -0.005344 0.001385 -20.60 -25.20 1016.94 -151.89 51.54 282.65 178.6322 -1.1585 158.1704
0.001564 -0.005209 0.002053 -20.50 -24.88 1016.61 -145.34 52.52 284.59 178.6382 -1.1568 158.1719
0.001979 -0.004464 0.001870 -20.76 -24.79 1016.52 -148.25 52.30 281.93 178.6418 -1.1652 158.1610
0.002415 -0.004279 0.001964 -21.51 -24.81 1017.53 -146.80 47.19 286.38 178.6447 -1.1768 158.1463
0.002415 -0.004279 0.001964 -21.51 -24.81 1017.53 -146.80 47.19 286.38 178.6447 -1.1768 158.1463
0.002589 -0.004120 0.001167 -21.66 -24.49 1017.68 -146.80 47.19 286.38 178.6517 -1.1830 158.1639
0.002534 -0.004202 0.000699 -21.14 -24.61 1016.27 -151.89 51.29 282.38 178.6489 -1.1793 158.1775
0.002829 -0.005338 0.000341 -21.60 -24.75 1016.19 -149.71 46.97 288.44 178.6502 -1.1736 158.1800
0.002842 -0.005076 0.000658 -21.99 -25.02 1016.75 -148.98 50.01 281.82 178.6497 -1.1852 158.1862
0.002536 -0.004889 0.001125 -21.12 -25.18 1017.56 -146.07 49.48 288.55 178.6440 -1.1776 158.1860
0.002536 -0.004889 0.001125 -21.12 -25.18 1017.56 -146.07 49.48 288.55 178.6440 -1.1776 158.1860
0.002450 -0.004638 0.001156 -20.37 -25.33 1018.12 -153.35 51.18 283.78 178.6443 -1.1708 158.1852
0.001720 -0.004739 0.001088 -19.83 -25.46 1018.99 -147.52 49.37 287.76 178.6362 -1.1652 158.1924
0.001838 -0.005490 0.001343 -19.54 -25.63 1019.26 -152.62 51.98 283.79 178.6317 -1.1557 158.1890
0.002546 -0.005913 0.001028 -19.20 -25.83 1018.15 -150.44 52.89 286.80 178.6337 -1.1469 158.1913
0.002546 -0.005913 0.001028 -19.20 -25.83 1018.15 -150.44 52.89 286.80 178.6337 -1.1469 158.1913
0.002634 -0.006315 0.001512 -19.21 -25.77 1017.66 -153.35 50.43 283.06 178.6354 -1.1410 158.1816
0.002469 -0.006728 0.001931 -19.65 -25.94 1017.13 -151.16 47.61 286.16 178.6333 -1.1419 158.1822
0.002412 -0.006219 0.002761 -19.61 -26.50 1016.81 -147.52 49.37 287.02 178.6276 -1.1403 158.1846
0.002412 -0.006219 0.002761 -19.61 -26.50 1016.81 -147.52 49.37 287.02 178.6276 -1.1403 158.1846
0.002574 -0.005663 0.002866 -19.92 -27.04 1016.67 -147.52 50.12 289.20 178.6227 -1.1490 158.1676
0.002205 -0.005178 0.002621 -19.68 -26.31 1017.41 -145.34 48.79 284.21 178.6213 -1.1498 158.1764
0.001674 -0.004916 0.002894 -19.76 -25.87 1018.21 -145.34 48.79 284.21 178.6234 -1.1555 158.1801
0.001772 -0.004287 0.003365 -19.74 -25.47 1018.25 -148.98 44.79 292.92 178.6300 -1.1558 158.1782
0.002040 -0.004159 0.003327 -19.81 -25.14 1017.50 -149.71 50.70 283.23 178.6325 -1.1611 158.2013
0.002040 -0.004159 0.003327 -19.81 -25.14 1017.50 -149.71 50.70 283.23 178.6325 -1.1611 158.2013
0.002306 -0.003980 0.003147 -20.54 -24.90 1017.31 -150.44 43.93 288.48 178.6391 -1.1775 158.2259
0.002463 -0.003754 0.002938 -20.68 -24.79 1016.71 -149.71 53.69 283.89 178.6358 -1.1644 158.2185
0.002463 -0.003754 0.002938 -20.68 -24.79 1016.71 -149.71 53.69 283.89 178.6358 -1.1644 158.2185
0.002200 -0.004520 0.002943 -19.79 -25.38 1016.01 -148.98 50.01 288.40 178.6299 -1.1551 158.2079
0.002200 -0.004520 0.002943 -19.79 -25.38 1016.01 -148.98 50.01 288.40 178.6299 -1.1551 158.2079
0.002399 -0.004252 0.003072 -19.70 -25.24 1015.76 -146.80 51.67 281.15 178.6332 -1.1615 158.1980
0.002779 -0.003764 0.003341 -20.05 -25.24 1016.02 -153.35 48.94 285.29 178.6342 -1.1708 158.2019
0.003223 -0.003804 0.003173 -20.37 -25.45 1015.91 -151.16 49.85 282.45 178.6353 -1.1689 158.2080
0.003223 -0.003804 0.003173 -20.37 -25.45 1015.91 -151.16 49.85 282.45 178.6353 -1.1689 158.2080
0.003252 -0.003879 0.003122 -20.57 -25.34 1015.92 -146.80 53.16 285.51 178.6379 -1.1761 158.1913
0.003449 -0.004044 0.003376 -21.01 -25.27 1016.60 -151.89 52.78 289.66 178.6401 -1.1788 158.1799
0.003546 -0.004595 0.002938 -21.60 -25.31 1016.75 -147.52 54.60 285.44 178.6401 -1.1844 158.1643
0.003521 -0.005067 0.003032 -22.13 -24.94 1016.30 -149.71 48.46 281.82 178.6493 -1.1878 158.1698
0.003521 -0.005067 0.003032 -22.13 -24.94 1016.30 -149.71 48.46 281.82 178.6493 -1.1878 158.1698
0.003741 -0.004985 0.003556 -22.26 -24.62 1015.52 -149.71 48.46 281.82 178.6512 -1.1923 158.1752
0.004394 -0.004671 0.003196 -22.25 -24.72 1015.03 -149.71 46.23 286.26 178.6572 -1.1958 158.1936
0.004784 -0.004582 0.003084 -22.13 -24.62 1015.37 -148.25 49.32 282.60 178.6628 -1.1951 158.1971
0.004636 -0.004669 0.003133 -22.14 -24.49 1016.49 -146.07 49.48 280.51 178.6626 -1.1979 158.1956
0.004636 -0.004669 0.003133 -22.14 -24.49 1016.49 -146.07 49.48 280.51 178.6626 -1.1979 158.1956
0.004066 -0.004867 0.003658 -22.60 -24.20 1017.12 -148.25 46.33 284.87 178.6656 -1.2061 158.2045
0.003375 -0.004645 0.003449 -22.96 -23.88 1017.65 -155.53 51.02 291.00 178.6640 -1.2130 158.2180
0.002993 -0.004554 0.002504 -22.79 -23.87 1017.58 -150.44 48.41 287.64 178.6622 -1.2101 158.2326
0.002926 -0.004690 0.002493 -22.25 -23.73 1017.48 -148.25 48.57 288.47 178.6670 -1.2039 158.2397
0.003269 -0.004813 0.002093 -22.25 -23.78 1017.47 -150.44 47.66 283.27 178.6683 -1.2090 158.2536
0.003269 -0.004813 0.002093 -22.25 -23.78 1017.47 -150.44 47.66 283.27 178.6683 -1.2090 158.2536
0.002906 -0.005237 0.001966 -22.50 -23.83 1017.75 -148.25 53.05 286.90 178.6660 -1.2084 158.2402
0.002722 -0.005385 0.001734 -22.22 -24.01 1017.95 -148.98 44.79 288.53 178.6627 -1.2040 158.2623
0.002421 -0.004993 0.001394 -22.16 -24.01 1018.50 -151.16 47.61 290.55 178.6632 -1.2109 158.2787
0.002011 -0.004994 0.001486 -22.03 -23.91 1019.17 -152.62 52.72 286.70 178.6613 -1.2071 158.2749
0.002011 -0.004994 0.001486 -22.03 -23.91 1019.17 -152.62 52.72 286.70 178.6613 -1.2071 158.2749
0.001557 -0.004864 0.001560 -21.49 -23.77 1019.19 -148.98 52.25 289.81 178.6605 -1.2023 158.2725
0.001382 -0.004267 0.001973 -21.66 -23.82 1018.84 -148.98 52.25 289.81 178.6583 -1.2147 158.2564
0.001404 -0.003779 0.002010 -21.39 -23.49 1019.20 -152.62 49.74 288.24 178.6331 -1.1664 158.2288
0.001635 -0.003125 0.002185 -21.19 -23.06 1019.38 -151.16 49.85 286.84 178.6721 -1.2176 158.2809
0.001635 -0.003125 0.002185 -21.19 -23.06 1019.38 -151.16 49.85 286.84 178.6721 -1.2176 158.2809
0.001332 -0.003804 0.002039 -21.11 -23.59 1018.36 -146.80 47.93 279.78 178.6588 -1.2098 158.2801
0.001005 -0.003925 0.001480 -21.08 -23.87 1017.91 -145.34 50.28 287.84 178.6579 -1.2116 158.2804
0.001023 -0.004609 0.001880 -21.37 -23.76 1017.70 -153.35 47.45 286.06 178.6598 -1.2107 158.2919
0.001023 -0.004609 0.001880 -21.37 -23.76 1017.70 -153.35 47.45 286.06 178.6598 -1.2107 158.2919
0.000418 -0.004411 0.001650 -21.22 -24.21 1017.32 -147.52 53.10 285.47 178.6466 -1.2106 158.2773
0.000327 -0.004449 0.001162 -21.21 -24.49 1017.01 -146.80 53.90 290.61 178.6443 -1.2110 158.2613
0.000359 -0.004886 0.001190 -20.85 -24.17 1018.14 -148.25 43.35 287.13 178.6489 -1.2019 158.2930
0.000083 -0.005349 0.001338 -20.62 -23.66 1018.53 -147.52 55.34 288.35 178.6518 -1.1967 158.2773
0.000083 -0.005349 0.001338 -20.62 -23.66 1018.53 -147.52 55.34 288.35 178.6518 -1.1967 158.2773
-0.000320 -0.005661 0.002143 -21.08 -23.77 1018.00 -151.16 52.83 286.77 178.6452 -1.2018 158.2589
-0.026228 -0.005529 0.002345 -21.59 -24.36 1017.87 -146.07 47.99 282.74 178.4267 -1.2086 158.2541
-0.027107 -0.005644 0.002582 -22.03 -24.13 1018.07 -148.98 51.50 283.98 178.4330 -1.2131 158.2500
-0.025206 -0.005063 0.002124 -21.86 -23.86 1018.08 -146.80 47.93 287.82 178.4334 -1.2153 158.2628
-0.025206 -0.005063 0.002124 -21.86 -23.86 1018.08 -146.80 47.93 287.82 178.4334 -1.2153 158.2628
-0.022463 -0.004858 0.002094 -21.59 -23.73 1018.77 -146.80 47.93 287.82 178.4414 -1.2139 158.2702
-0.020063 -0.004193 0.001436 -20.85 -23.55 1019.15 -146.07 53.96 283.33 178.4483 -1.2100 158.2639
-0.017810 -0.003529 0.001144 -19.68 -23.37 1019.06 -148.25 48.57 287.74 178.4557 -1.2004 158.2789
-0.016440 -0.004032 0.002005 -19.14 -23.04 1018.11 -149.71 50.70 291.28 178.4603 -1.1910 158.2779
-0.013894 -0.003809 0.002265 -19.35 -23.13 1018.19 -151.16 49.85 284.64 178.4700 -1.1952 158.2805
-0.013894 -0.003809 0.002265 -19.35 -23.13 1018.19 -151.16 49.85 284.64 178.4700 -1.1952 158.2805
-0.011752 -0.004552 0.001559 -19.79 -23.12 1018.03 -143.88 45.91 287.28 178.4798 -1.1940 158.2948
-0.010992 -0.004825 0.000843 -20.29 -22.91 1018.19 -148.98 48.52 282.58 178.4832 -1.1972 158.3089
-0.011039 -0.004140 0.000308 -19.96 -23.04 1017.32 -148.25 50.81 285.49 178.4766 -1.1971 158.3114
-0.010363 -0.004060 0.000836 -19.59 -22.76 1016.69 -148.25 53.05 288.37 178.4809 -1.1930 158.3028
-0.010363 -0.004060 0.000836 -19.59 -22.76 1016.69 -148.25 53.05 288.37 178.4809 -1.1930 158.3028
-0.009304 -0.003656 0.000918 -19.79 -23.26 1017.46 -147.52 51.61 285.51 178.5875 -1.1796 158.2481
-0.008695 -0.003754 0.001200 -20.84 -24.30 1017.04 -152.62 45.26 283.95 178.4684 -1.2095 158.2983
-0.008695 -0.003754 0.001200 -20.84 -24.30 1017.04 -152.62 45.26 283.95 178.4684 -1.2095 158.2983
-0.006843 -0.004933 0.001656 -21.03 -23.99 1018.30 -154.08 51.87 281.53 178.4804 -1.2034 158.2782
-0.006843 -0.004933 0.001656 -21.03 -23.99 1018.30 -154.08 51.87 281.53 178.4804 -1.2034 158.2782
-0.006408 -0.005380 0.001766 -20.95 -24.33 1017.92 -146.80 50.17 283.38 178.4769 -1.1992 158.2713
-0.005306 -0.005267 0.002205 -20.48 -25.31 1017.57 -146.80 50.17 283.38 178.4717 -1.1937 158.2568
-0.004916 -0.004338 0.002351 -20.36 -24.81 1016.72 -146.80 48.68 285.61 178.4787 -1.1991 158.2636
-0.004916 -0.004338 0.002351 -20.36 -24.81 1016.72 -146.80 48.68 285.61 178.4787 -1.1991 158.2636
-0.005105 -0.004494 0.001890 -20.90 -24.98 1017.13 -146.07 50.23 283.41 178.4732 -1.2041 158.2578
-0.004532 -0.004670 0.001173 -20.90 -25.14 1017.36 -149.71 52.19 283.93 178.4736 -1.2033 158.2549
-0.003912 -0.005136 0.000975 -20.65 -24.61 1017.94 -151.16 52.83 286.77 178.4825 -1.1967 158.2564
-0.003453 -0.005462 0.000895 -20.65 -25.83 1018.38 -151.89 49.05 286.82 178.4729 -1.1941 158.2537
-0.003605 -0.005548 0.000820 -20.15 -25.71 1018.86 -148.98 50.76 280.34 178.4712 -1.1859 158.2566
-0.003605 -0.005548 0.000820 -20.15 -25.71 1018.86 -148.98 50.76 280.34 178.4712 -1.1859 158.2566
-0.003446 -0.005082 0.001708 -20.11 -25.32 1018.46 -148.25 47.83 288.49 178.4745 -1.1882 158.2617
-0.002871 -0.004683 0.002114 -19.76 -24.95 1019.07 -150.62 53.63 280.93 178.4822 -1.1874 158.2528
-0.002512 -0.005486 0.001367 -19.75 -24.47 1020.40 -148.25 51.98 285.99 178.4895 -1.1796 158.2634
-0.002512 -0.005486 0.001367 -19.75 -24.47 1020.40 -148.25 51.98 285.99 178.4895 -1.1796 158.2634
-0.001739 -0.005413 0.001633 -19.52 -24.37 1020.16 -149.71 51.56 287.67 178.4982 -1.1747 158.2594
-0.001608 -0.005324 0.002024 -20.16 -24.98 1020.66 -148.25 51.33 283.94 178.4944 -1.1819 158.2452
-0.001811 -0.005197 0.002468 -20.18 -25.81 1019.60 -151.89 51.29 287.78 178.4832 -1.1823 158.2413
-0.001837 -0.005296 0.001686 -20.41 -25.68 1018.91 -151.89 51.29 280.92 178.4838 -1.1833 158.2468
-0.001572 -0.005270 0.001228 -20.65 -25.35 1018.33 -151.89 51.29 280.92 178.4858 -1.1869 158.2522
-0.001572 -0.005270 0.001228 -20.65 -25.35 1018.33 -151.89 51.29 280.92 178.4858 -1.1869 158.2522
-0.000292 -0.004667 0.001446 -19.80 -24.90 1018.30 -146.07 47.24 284.22 178.5019 -1.1812 158.2604
0.000315 -0.004817 0.001526 -19.50 -25.12 1018.64 -157.72 52.35 283.54 178.5070 -1.1760 158.2676
0.000313 -0.005373 0.001604 -19.54 -25.47 1018.57 -149.71 52.19 283.93 178.5036 -1.1701 158.2658
0.000156 -0.005521 0.001086 -19.74 -25.33 1018.77 -148.25 50.06 282.58 178.5060 -1.1696 158.2658
0.000156 -0.005521 0.001086 -19.74 -25.33 1018.77 -148.25 50.06 282.58 178.5060 -1.1696 158.2658
0.000036 -0.005341 0.001571 -19.38 -25.37 1019.05 -145.34 51.03 284.89 178.5045 -1.1681 158.2634
0.000294 -0.005827 0.002012 -19.07 -25.38 1019.32 -150.44 48.41 285.45 178.5073 -1.1573 158.2534
0.000294 -0.005827 0.002012 -19.07 -25.38 1019.32 -150.44 48.41 285.45 178.5073 -1.1573 158.2534
-0.000362 -0.005856 0.003444 -19.05 -25.55 1020.15 -151.16 52.83 284.57 178.5056 -1.1564 158.2479
-0.000362 -0.005856 0.003444 -19.05 -25.55 1020.15 -151.16 52.83 284.57 178.5056 -1.1564 158.2479
-0.000391 -0.005984 0.003163 -18.37 -26.39 1021.25 -144.61 52.57 284.89 178.4972 -1.1404 158.2371
-0.000472 -0.005933 0.002448 -18.59 -27.04 1020.50 -144.61 51.83 282.71 178.4880 -1.1409 158.2171
-0.000522 -0.005665 0.001993 -18.65 -27.13 1019.90 -149.71 46.23 287.73 178.4844 -1.1392 158.2039
-0.000522 -0.005665 0.001993 -18.65 -27.13 1019.90 -149.71 46.23 287.73 178.4844 -1.1392 158.2039
-0.000664 -0.005575 0.001867 -19.12 -26.54 1019.81 -148.98 53.74 282.46 178.4946 -1.1440 158.2240
-0.000447 -0.005627 0.001704 -19.28 -26.16 1020.17 -148.98 53.74 282.46 178.4961 -1.1464 158.2143
-0.000158 -0.005943 0.001329 -19.46 -25.96 1020.13 -148.98 53.74 282.46 178.5048 -1.1415 158.2059
0.000407 -0.006347 0.001474 -19.86 -25.99 1019.28 -149.71 52.94 283.18 178.4984 -1.1466 158.1953
0.000466 -0.006887 0.002291 -19.87 -26.39 1018.86 -146.07 54.70 281.85 178.5027 -1.1391 158.1717
0.000466 -0.006887 0.002291 -19.87 -26.39 1018.86 -146.07 54.70 281.85 178.5027 -1.1391 158.1717
-0.000035 -0.007270 0.002756 -20.05 -25.94 1018.58 -143.88 54.12 287.09 178.5006 -1.1333 158.1505
-0.000071 -0.007261 0.002915 -19.78 -25.90 1018.10 -154.08 49.63 285.98 178.5028 -1.1307 158.1344
0.000248 -0.006981 0.003378 -19.67 -26.17 1018.04 -152.62 51.98 284.53 178.4997 -1.1316 158.1211
0.000248 -0.006981 0.003378 -19.67 -26.17 1018.04 -152.62 51.98 284.53 178.4997 -1.1316 158.1211
0.000405 -0.006299 0.003996 -19.56 -26.49 1017.27 -150.44 49.90 286.87 178.4976 -1.1351 158.1198
0.000250 -0.005493 0.004172 -19.39 -26.40 1016.03 -152.62 45.26 284.68 178.5020 -1.1365 158.1465
-0.000363 -0.004874 0.004546 -19.45 -25.79 1015.13 -143.15 49.70 290.88 178.5012 -1.1451 158.1374
-0.000540 -0.005152 0.004543 -19.99 -25.51 1015.40 -149.71 46.97 282.59 178.5068 -1.1443 158.1506
-0.000551 -0.006066 0.004888 -20.08 -25.18 1015.40 -146.07 47.99 289.32 178.5094 -1.1334 158.1523
-0.000551 -0.006066 0.004888 -20.08 -25.18 1015.40 -146.07 47.99 289.32 178.5094 -1.1334 158.1523
-0.000345 -0.006446 0.004799 -19.92 -24.81 1015.33 -144.61 45.86 287.98 178.5194 -1.1341 158.1717
-0.000093 -0.006268 0.004611 -20.04 -24.98 1015.47 -145.34 53.27 285.57 178.5107 -1.1361 158.1403
-0.000020 -0.005935 0.004598 -20.28 -25.64 1015.88 -145.34 53.27 285.57 178.5106 -1.1426 158.1217
-0.000020 -0.005935 0.004598 -20.28 -25.64 1015.88 -145.34 53.27 285.57 178.5106 -1.1426 158.1217
0.000396 -0.005377 0.004047 -20.66 -25.60 1016.30 -145.34 53.27 285.57 178.5182 -1.1514 158.1083
0.001019 -0.004855 0.003241 -20.69 -25.51 1016.41 -149.71 52.19 286.85 178.5229 -1.1517 158.1083
0.001429 -0.004352 0.002231 -20.33 -25.73 1015.61 -146.80 46.44 286.40 178.5212 -1.1512 158.1238
0.001412 -0.004644 0.001726 -19.76 -25.96 1015.18 -148.25 53.05 288.37 178.5199 -1.1372 158.1142
0.001412 -0.004644 0.001726 -19.76 -25.96 1015.18 -148.25 53.05 288.37 178.5199 -1.1372 158.1142
0.002054 -0.004904 0.001429 -19.33 -25.78 1015.21 -146.07 47.99 291.52 178.5332 -1.1349 158.1269
0.002332 -0.005649 0.001380 -19.39 -25.65 1015.23 -150.44 49.90 286.14 178.5328 -1.1281 158.1267
0.002715 -0.005206 0.001557 -19.31 -25.97 1015.71 -147.52 52.36 285.49 178.5339 -1.1330 158.1132
0.002790 -0.004921 0.001889 -19.23 -26.10 1015.89 -149.71 44.73 282.64 178.5354 -1.1310 158.1332
0.002093 -0.004715 0.001801 -19.49 -25.96 1015.81 -148.98 49.26 284.03 178.5319 -1.1381 158.1397
0.002093 -0.004715 0.001801 -19.49 -25.96 1015.81 -148.98 49.26 284.03 178.5319 -1.1381 158.1397
0.001572 -0.005196 0.002325 -20.08 -26.13 1015.77 -148.98 50.01 288.40 178.5267 -1.1397 158.1252
0.001329 -0.004974 0.002782 -20.03 -26.42 1016.09 -148.98 50.76 283.26 178.5232 -1.1391 158.1216
0.000805 -0.004811 0.003518 -19.80 -26.23 1016.87 -149.71 55.18 286.05 178.5244 -1.1374 158.1011
0.000460 -0.005170 0.003871 -19.48 -26.15 1017.02 -150.44 52.89 283.14 178.5210 -1.1286 158.0926
0.000460 -0.005170 0.003871 -19.48 -26.15 1017.02 -150.44 52.89 283.14 178.5210 -1.1286 158.0926
0.000944 -0.005517 0.003718 -19.57 -26.24 1017.25 -147.52 52.36 289.15 178.5260 -1.1296 158.0805
0.000912 -0.005279 0.003582 -19.52 -26.54 1017.26 -147.52 52.36 289.15 178.5193 -1.1290 158.0659
0.001463 -0.006083 0.003162 -18.69 -26.68 1017.50 -146.07 44.26 286.48 178.5247 -1.1061 158.0913
0.001463 -0.006083 0.003162 -18.69 -26.68 1017.50 -146.07 44.26 286.48 178.5247 -1.1061 158.0913
0.002035 -0.005922 0.002809 -17.99 -26.36 1016.78 -151.16 51.34 289.73 178.5334 -1.1025 158.0982
0.002403 -0.005329 0.002042 -17.79 -26.63 1016.01 -151.16 45.37 285.48 178.5294 -1.1030 158.1199
0.001957 -0.005985 0.001953 -18.28 -26.34 1016.75 -148.25 49.32 281.14 178.5346 -1.1018 158.1269
0.001542 -0.005649 0.001877 -18.59 -26.01 1018.59 -148.98 51.50 284.71 178.5350 -1.1064 158.1253
0.001415 -0.005531 0.001361 -18.81 -26.16 1019.85 -150.44 52.14 284.63 178.5325 -1.1070 158.1222
0.001415 -0.005531 0.001361 -18.81 -26.16 1019.85 -150.44 52.14 284.63 178.5325 -1.1070 158.1222
0.002038 -0.006148 0.001515 -19.03 -25.70 1020.21 -148.98 53.00 289.80 178.5467 -1.1030 158.1161
0.002155 -0.006936 0.001680 -19.38 -25.74 1019.98 -154.08 58.59 284.30 178.5447 -1.1004 158.0892
0.002129 -0.006212 0.001590 -19.44 -26.58 1020.27 -149.71 51.45 286.14 178.5341 -1.1056 158.0771
0.002825 -0.005927 0.001269 -19.48 -26.46 1019.99 -149.71 53.69 283.16 178.5456 -1.1064 158.0731
0.002825 -0.005927 0.001269 -19.48 -26.46 1019.99 -149.71 53.69 283.16 178.5456 -1.1064 158.0731
0.002938 -0.005813 0.001034 -19.62 -26.38 1019.53 -148.25 52.30 285.46 178.5464 -1.1083 158.0653
0.002853 -0.005914 0.000939 -19.28 -26.26 1018.98 -148.25 50.81 281.83 178.5484 -1.1016 158.0671
0.003397 -0.005827 0.000874 -19.67 -25.80 1018.52 -149.71 53.69 283.89 178.5601 -1.1084 158.0602
0.003851 -0.005932 0.001017 -20.36 -25.15 1018.28 -149.71 53.69 283.89 178.5730 -1.1157 158.0528
0.003851 -0.005932 0.001017 -20.36 -25.15 1018.28 -149.71 53.69 283.89 178.5730 -1.1157 158.0528
0.004361 -0.005946 0.001181 -20.77 -24.60 1017.72 -146.80 56.14 286.90 178.5853 -1.1204 158.0316
0.004513 -0.006263 0.002058 -20.18 -24.85 1017.27 -147.52 50.12 284.81 178.5848 -1.1096 158.0238
0.003941 -0.007031 0.001466 -20.50 -25.15 1017.69 -150.44 49.16 284.70 178.5807 -1.1089 158.0323
0.003941 -0.007031 0.001466 -20.50 -25.15 1017.69 -150.44 49.16 284.70 178.5807 -1.1089 158.0323
0.002706 -0.006878 0.000759 -20.60 -25.07 1017.21 -150.44 48.41 283.25 178.5755 -1.1109 158.0491
0.001668 -0.006557 0.001203 -20.74 -25.27 1016.23 -146.80 53.16 288.43 178.5670 -1.1150 158.0287
0.001902 -0.006936 0.001593 -20.00 -25.76 1015.04 -148.98 48.52 284.05 178.5633 -1.1024 158.0314
0.001669 -0.007088 0.002052 -20.02 -25.72 1014.65 -150.44 54.38 286.04 178.5635 -1.1021 158.0164
0.001669 -0.007088 0.002052 -20.02 -25.72 1014.65 -150.44 54.38 286.04 178.5635 -1.1021 158.0164
0.002391 -0.006413 0.001801 -19.32 -25.89 1014.86 -148.25 50.81 284.03 178.5670 -1.0971 158.0177
0.002339 -0.006010 0.001984 -18.98 -25.98 1015.03 -146.07 57.69 284.70 178.5665 -1.0952 157.9862
0.002187 -0.005529 0.002746 -18.61 -25.78 1014.31 -151.89 52.03 281.63 178.5682 -1.0933 157.9836
0.002407 -0.005820 0.002425 -18.63 -26.20 1014.33 -150.44 53.63 291.91 178.5651 -1.0905 157.9709
0.002407 -0.005820 0.002425 -18.63 -26.20 1014.33 -150.44 53.63 291.91 178.5651 -1.0905 157.9709
0.002806 -0.005826 0.001982 -18.40 -26.28 1014.88 -148.98 52.25 286.89 178.5680 -1.0859 157.9682
0.002862 -0.005624 0.002164 -18.93 -25.96 1015.33 -146.80 55.40 288.38 178.5730 -1.0925 157.9466
0.003177 -0.006039 0.002317 -19.52 -26.38 1016.00 -146.80 55.40 288.38 178.5719 -1.0947 157.9166
0.002786 -0.004829 0.001655 -20.06 -26.24 1015.25 -144.61 51.83 289.30 178.5708 -1.1092 157.9082
0.003201 -0.003730 0.001500 -19.68 -25.90 1015.61 -147.52 53.10 292.06 178.5788 -1.1139 157.9026
0.003201 -0.003730 0.001500 -19.68 -25.90 1015.61 -147.52 53.10 292.06 178.5788 -1.1139 157.9026
0.002991 -0.003827 0.000934 -19.71 -25.69 1017.28 -145.34 45.06 284.30 178.5801 -1.1141 157.9261
0.003808 -0.003954 0.000878 -19.46 -25.79 1016.78 -148.98 53.00 288.33 178.5868 -1.1113 157.9184
0.003737 -0.004392 0.000973 -19.33 -25.78 1015.11 -149.71 55.93 282.38 178.5865 -1.1074 157.9012
0.004219 -0.004585 0.001579 -19.35 -25.77 1013.99 -156.99 52.40 289.43 178.5925 -1.1057 157.9030
0.004219 -0.004585 0.001579 -19.35 -25.77 1013.99 -156.99 52.40 289.43 178.5925 -1.1057 157.9030
0.003821 -0.004294 0.002717 -19.94 -25.85 1014.71 -154.08 54.11 288.80 178.5894 -1.1148 157.8858
0.004348 -0.004388 0.002464 -20.65 -25.67 1014.78 -151.44 51.34 291.93 178.5971 -1.1258 157.8854
0.004613 -0.004700 0.002133 -19.68 -25.90 1014.88 -151.89 45.43 288.44 178.5987 -1.1121 157.9097
0.004110 -0.004627 0.001849 -19.27 -25.27 1015.68 -144.61 52.03 290.41 178.6027 -1.1078 157.9189
0.004110 -0.004627 0.001849 -19.27 -25.27 1015.68 -144.61 52.03 290.41 178.6027 -1.1078 157.9189
0.004131 -0.004687 0.001643 -19.24 -24.54 1015.75 -151.16 51.85 284.91 178.6141 -1.1056 157.9194
0.004233 -0.004383 0.001359 -19.71 -24.69 1015.89 -146.07 49.48 289.04 178.6145 -1.1137 157.9259
0.004655 -0.003994 0.002082 -19.61 -24.41 1016.88 -146.07 49.48 287.09 178.6232 -1.1162 157.9264
0.004655 -0.003994 0.002082 -19.61 -24.41 1016.88 -146.07 49.48 287.09 178.6232 -1.1162 157.9264
0.005075 -0.004326 0.002573 -19.82 -24.13 1017.44 -146.80 50.17 280.45 178.6334 -1.1174 157.9258
0.004811 -0.004778 0.002629 -19.76 -23.91 1017.96 -151.16 55.07 286.72 178.6401 -1.1155 157.9280
0.004283 -0.005228 0.002154 -19.44 -24.19 1017.98 -148.98 53.00 283.94 178.6326 -1.1058 157.9188
0.004283 -0.005228 0.002154 -19.44 -24.19 1017.98 -148.98 53.00 283.94 178.6326 -1.1058 157.9188
0.004266 -0.005056 0.002479 -19.64 -23.68 1017.77 -148.98 52.25 286.16 178.6446 -1.1092 157.9157
0.003564 -0.004584 0.002531 -19.56 -24.16 1017.22 -145.34 50.28 284.18 178.6384 -1.1121 157.9056
0.002372 -0.004444 0.002546 -19.56 -24.11 1017.23 -148.25 51.56 284.01 178.6306 -1.1131 157.9035
0.002127 -0.004827 0.002208 -19.81 -24.11 1017.97 -148.25 48.57 289.20 178.6300 -1.1155 157.9021
0.002423 -0.005063 0.001935 -19.40 -24.39 1017.98 -151.89 46.81 280.29 178.6302 -1.1088 157.9122
0.002423 -0.005063 0.001935 -19.40 -24.39 1017.98 -151.89 46.81 280.29 178.6302 -1.1088 157.9122
0.002997 -0.004955 0.001944 -18.94 -25.06 1017.92 -148.98 51.50 289.10 178.6283 -1.1024 157.9291
0.003104 -0.004735 0.002198 -18.72 -25.39 1016.73 -148.25 51.56 284.01 178.6264 -1.1005 157.9197
0.002661 -0.004457 0.002011 -18.68 -25.50 1016.41 -151.89 53.53 288.18 178.6250 -1.1000 157.9185
0.002387 -0.003888 0.002076 -18.51 -25.78 1017.17 -144.61 52.57 285.62 178.6148 -1.1035 157.9081
0.003004 -0.003863 0.002650 -18.22 -25.30 1018.28 -148.98 51.50 291.30 178.6228 -1.0994 157.9006
0.003004 -0.003863 0.002650 -18.22 -25.30 1018.28 -148.98 51.50 291.30 178.6228 -1.0994 157.9006
0.003873 -0.004399 0.003020 -18.63 -25.18 1019.25 -148.98 51.50 291.30 178.6381 -1.0983 157.8935
0.003751 -0.004432 0.002827 -18.71 -25.01 1018.39 -148.98 54.49 289.03 178.6394 -1.1005 157.8906
0.003201 -0.004601 0.002227 -18.76 -24.78 1018.31 -146.80 48.68 291.47 178.6358 -1.1006 157.8846
0.003047 -0.005069 0.001665 -19.23 -24.68 1017.86 -151.16 46.12 284.73 178.6455 -1.0987 157.8930
0.003047 -0.005069 0.001665 -19.23 -24.68 1017.86 -151.16 46.12 284.73 178.6455 -1.0987 157.8930
0.003171 -0.005495 0.001886 -19.70 -24.43 1017.26 -149.71 51.45 286.14 178.6412 -1.1080 157.9201
0.003399 -0.005605 0.002022 -20.08 -24.73 1017.31 -150.44 55.13 292.60 178.6482 -1.1022 157.8961
0.003322 -0.005693 0.002105 -19.99 -24.69 1017.51 -150.44 50.65 286.86 178.6415 -1.1068 157.8970
0.003240 -0.005781 0.002191 -20.17 -24.93 1017.06 -149.71 51.45 286.87 178.6450 -1.1037 157.8907
0.003240 -0.005781 0.002191 -20.17 -24.93 1017.06 -149.71 51.45 286.87 178.6450 -1.1037 157.8907
0.003161 -0.006136 0.002594 -20.07 -25.06 1016.16 -148.25 48.57 287.01 178.6382 -1.1008 157.8946
0.003046 -0.006600 0.003014 -19.93 -25.30 1015.64 -149.71 53.69 289.01 178.6397 -1.0926 157.8776
0.003472 -0.006480 0.003238 -19.62 -25.06 1015.05 -154.08 53.36 285.16 178.6515 -1.0953 157.8883
0.003472 -0.006480 0.003238 -19.62 -25.06 1015.05 -154.08 53.36 285.16 178.6515 -1.0953 157.8883
0.003474 -0.006136 0.002812 -20.22 -24.77 1015.18 -148.98 53.00 287.60 178.6473 -1.1119 157.8717
0.003226 -0.006249 0.002631 -21.23 -24.92 1015.36 -147.52 50.12 293.59 178.6473 -1.1152 157.8710
0.003820 -0.006456 0.002220 -21.65 -24.82 1015.26 -147.52 50.86 281.14 178.6593 -1.1208 157.8731
0.004472 -0.006602 0.002097 -21.46 -24.83 1014.31 -147.52 50.86 281.14 178.6582 -1.1114 157.8693
0.004472 -0.006602 0.002097 -21.46 -24.83 1014.31 -147.52 50.86 281.14 178.6582 -1.1114 157.8693
0.003906 -0.007230 0.001845 -20.84 -25.16 1013.44 -148.98 49.26 282.57 178.6480 -1.0997 157.8788
0.003190 -0.007306 0.001590 -20.38 -25.03 1014.17 -147.52 49.37 289.95 178.6518 -1.0978 157.8899
0.002823 -0.006886 0.001712 -19.86 -24.71 1015.06 -150.44 50.65 286.86 178.6514 -1.0926 157.8957
0.003375 -0.006907 0.001729 -19.41 -23.87 1015.89 -149.71 52.94 288.30 178.6773 -1.0860 157.9089
0.003375 -0.006907 0.001729 -19.41 -23.87 1015.89 -149.71 52.94 288.30 178.6773 -1.0860 157.9089
0.002709 -0.007100 0.001860 -19.24 -23.06 1016.28 -146.80 50.17 287.77 178.6692 -1.0835 157.9098
0.002154 -0.006712 0.001691 -19.06 -23.13 1016.79 -147.52 57.58 283.17 178.6688 -1.0833 157.8887
0.001780 -0.006042 0.001338 -18.33 -23.55 1017.03 -150.44 58.11 285.95 178.6596 -1.0739 157.8688
0.002293 -0.005139 0.001477 -17.91 -23.51 1017.23 -151.16 55.07 288.18 178.6738 -1.0799 157.8623
0.002293 -0.005139 0.001477 -17.91 -23.51 1017.23 -151.16 55.07 288.18 178.6738 -1.0799 157.8623
0.002128 -0.005147 0.001836 -18.33 -23.97 1017.96 -149.71 52.19 289.78 178.6570 -1.0820 157.8434
0.001726 -0.005777 0.002527 -18.51 -24.38 1018.51 -147.52 53.85 285.46 178.6576 -1.0748 157.8281
0.000661 -0.006069 0.003005 -17.82 -24.27 1018.52 -151.16 55.07 288.91 178.6482 -1.0607 157.8207
-0.000232 -0.005611 0.002673 -17.62 -24.10 1018.60 -145.34 56.25 286.97 178.6458 -1.0664 157.8032
-0.000232 -0.005611 0.002673 -17.62 -24.10 1018.60 -145.34 56.25 286.97 178.6458 -1.0664 157.8032
0.000004 -0.005261 0.002874 -18.17 -24.05 1019.85 -152.62 53.47 285.95 178.6493 -1.0740 157.7943
-0.000073 -0.004840 0.003613 -18.84 -23.93 1020.32 -152.62 53.47 285.95 178.6496 -1.0847 157.7860
0.000884 -0.005034 0.004047 -19.00 -24.58 1020.32 -148.25 50.06 286.24 178.6465 -1.0797 157.7760
0.000452 -0.005045 0.003361 -18.84 -24.71 1020.63 -147.52 50.86 282.60 178.6444 -1.0782 157.7887
0.000452 -0.005045 0.003361 -18.84 -24.71 1020.63 -147.52 50.86 282.60 178.6444 -1.0782 157.7887
0.000349 -0.004718 0.003198 -18.74 -24.35 1020.03 -151.16 51.34 286.80 178.6477 -1.0800 157.7931
-0.000150 -0.005075 0.003214 -18.47 -24.42 1019.76 -147.52 48.63 288.51 178.6397 -1.0711 157.7999
0.000064 -0.005380 0.002907 -18.15 -24.70 1019.10 -150.44 49.90 289.07 178.6381 -1.0651 157.8074
0.000095 -0.005736 0.003508 -18.13 -24.79 1018.58 -146.07 45.00 290.12 178.6368 -1.0622 157.8192
0.000095 -0.005736 0.003508 -18.13 -24.79 1018.58 -146.07 45.00 290.12 178.6368 -1.0622 157.8192
0.000031 -0.005550 0.003836 -18.22 -24.44 1018.11 -151.16 48.36 289.07 178.6408 -1.0646 157.8359
-0.000026 -0.005232 0.002948 -18.38 -24.55 1017.83 -148.25 50.81 289.88 178.6360 -1.0675 157.8398
-0.000177 -0.005044 0.003337 -18.33 -24.92 1019.39 -152.62 55.71 284.44 178.6302 -1.0659 157.8207
-0.000032 -0.005386 0.004017 -17.98 -24.78 1019.52 -152.62 47.50 284.63 178.6338 -1.0574 157.8393
-0.000459 -0.005895 0.004599 -18.51 -25.43 1019.33 -146.80 50.92 287.02 178.6186 -1.0613 157.8181
-0.000459 -0.005895 0.004599 -18.51 -25.43 1019.33 -146.80 50.92 287.02 178.6186 -1.0613 157.8181
-0.000529 -0.005777 0.004361 -19.02 -25.43 1019.12 -148.25 47.83 287.03 178.6209 -1.0673 157.8328
-0.001054 -0.005456 0.003866 -18.94 -24.92 1019.59 -148.25 50.06 286.24 178.6211 -1.0669 157.8447
-0.000747 -0.005147 0.003694 -18.92 -25.56 1019.53 -148.25 50.06 286.24 178.6116 -1.0686 157.8374
-0.000747 -0.005147 0.003694 -18.92 -25.56 1019.53 -148.25 50.06 286.24 178.6116 -1.0686 157.8374
-0.000482 -0.004767 0.003196 -19.02 -25.34 1019.30 -149.71 49.21 284.73 178.6178 -1.0726 157.8541
0.000510 -0.004510 0.003083 -19.77 -25.10 1019.20 -148.98 54.49 284.64 178.6258 -1.0848 157.8391
0.001248 -0.004511 0.002635 -20.33 -24.65 1020.27 -150.44 49.16 287.62 178.6364 -1.0913 157.8551
0.000334 -0.004313 0.002165 -19.95 -24.41 1020.23 -145.34 54.01 288.48 178.6311 -1.0883 157.8458
-0.000138 -0.004117 0.003024 -20.34 -24.25 1019.31 -145.34 51.03 284.16 178.6296 -1.0972 157.8333
-0.000138 -0.004117 0.003024 -20.34 -24.25 1019.31 -145.34 51.03 284.16 178.6296 -1.0972 157.8333
-0.000994 -0.005275 0.002766 -20.37 -24.01 1019.24 -148.98 47.77 284.07 178.6258 -1.0897 157.8514
-0.001200 -0.006517 0.002950 -20.52 -24.04 1019.03 -147.52 53.10 285.47 178.6230 -1.0838 157.8387
-0.001262 -0.005600 0.003273 -20.49 -24.19 1018.29 -148.25 47.08 284.85 178.6199 -1.0911 157.8490
-0.001262 -0.005600 0.003273 -20.49 -24.19 1018.29 -148.25 47.08 284.85 178.6199 -1.0911 157.8490
-0.001429 -0.005596 0.002572 -20.89 -24.43 1017.61 -144.61 51.08 290.78 178.6149 -1.0971 157.8420
-0.001581 -0.005630 0.001877 -20.77 -24.56 1017.61 -148.25 55.29 288.31 178.6111 -1.0959 157.8296
-0.001244 -0.005545 0.001930 -20.24 -24.41 1017.26 -147.52 53.85 283.26 178.6139 -1.0913 157.8215
-0.000818 -0.005348 0.001432 -20.30 -24.95 1017.07 -147.52 52.36 285.49 178.6089 -1.0942 157.8123
-0.000818 -0.005348 0.001432 -20.30 -24.95 1017.07 -147.52 52.36 285.49 178.6089 -1.0942 157.8123
-0.000371 -0.006104 0.001311 -20.28 -25.85 1016.82 -146.07 47.24 282.75 178.6005 -1.0890 157.8140
-0.000921 -0.005866 0.000864 -20.26 -26.54 1016.95 -146.07 47.24 282.75 178.5868 -1.0907 157.8206
-0.000639 -0.005964 0.001268 -19.96 -26.46 1017.18 -151.89 50.54 286.06 178.5889 -1.0867 157.8264
-0.001591 -0.005486 0.000939 -20.07 -25.82 1016.85 -146.07 50.23 292.93 178.5860 -1.0917 157.8326
-0.001591 -0.005486 0.000939 -20.07 -25.82 1016.85 -146.07 50.23 292.93 178.5860 -1.0917 157.8326
-0.001499 -0.005090 0.000897 -19.59 -25.32 1017.17 -149.71 52.94 286.10 178.6129 -1.0956 157.8938
-0.002488 -0.005233 0.001475 -19.47 -25.64 1017.68 -149.71 50.70 286.89 178.5775 -1.0875 157.8306
-0.002369 -0.005859 0.000667 -20.11 -25.06 1017.67 -147.52 47.13 287.81 178.5811 -1.0896 157.8526
-0.001154 -0.005173 0.000273 -20.58 -24.65 1020.71 -148.25 50.81 284.03 178.5934 -1.1007 157.8608
-0.001154 -0.005173 0.000273 -20.58 -24.65 1020.71 -148.25 50.81 284.03 178.5934 -1.1007 157.8608
-0.000518 -0.005722 0.001099 -20.78 -24.65 1021.86 -148.25 51.56 288.40 178.5994 -1.1006 157.8514
-0.001154 -0.006106 0.000536 -20.34 -24.46 1021.81 -148.25 50.06 284.05 178.5949 -1.0925 157.8638
-0.000742 -0.005853 0.001011 -20.08 -24.31 1020.95 -150.44 47.66 283.27 178.5990 -1.0933 157.8797
-0.000321 -0.006150 0.001639 -19.42 -24.63 1022.11 -151.16 45.32 292.03 178.5980 -1.0819 157.9008
-0.000321 -0.006150 0.001639 -19.42 -24.63 1022.11 -151.16 45.32 292.03 178.5980 -1.0819 157.9008
0.000253 -0.005415 0.001966 -19.11 -24.64 1021.28 -144.61 52.09 288.98 178.6015 -1.0829 157.8986
0.000641 -0.004738 0.001561 -19.00 -24.68 1020.74 -146.07 52.57 286.36 178.6037 -1.0849 157.8903
0.000763 -0.004251 0.001953 -19.47 -24.15 1020.67 -146.07 50.97 283.40 178.6108 -1.0959 157.8902
0.001364 -0.004577 0.002397 -19.71 -25.13 1020.13 -147.52 47.13 283.40 178.6068 -1.0956 157.8713
0.001364 -0.004577 0.002397 -19.71 -25.13 1020.13 -147.52 47.13 283.40 178.6068 -1.0956 157.8713
0.001050 -0.004191 0.002351 -19.73 -25.08 1020.35 -145.34 52.52 282.52 178.6035 -1.1011 157.8847
0.001327 -0.004209 0.002528 -19.29 -24.94 1021.22 -151.89 53.53 283.79 178.6084 -1.0958 157.8763
0.000985 -0.004467 0.002732 -19.39 -24.96 1020.32 -148.98 50.01 288.40 178.6086 -1.0953 157.8708
0.000313 -0.004702 0.002676 -19.59 -25.68 1018.67 -151.89 46.81 289.80 178.5920 -1.0967 157.8627
0.000313 -0.004702 0.002676 -19.59 -25.68 1018.67 -151.89 46.81 289.80 178.5920 -1.0967 157.8627
-0.000022 -0.004930 0.002218 -19.97 -25.42 1018.81 -141.70 54.28 282.79 178.5934 -1.0976 157.8869
-0.000221 -0.004602 0.001637 -20.24 -26.21 1017.76 -142.43 49.00 291.67 178.5815 -1.1074 157.8587
-0.000880 -0.004770 0.002416 -19.78 -26.41 1017.53 -152.62 54.22 283.01 178.5734 -1.1006 157.8462
-0.001264 -0.004786 0.002319 -19.81 -26.58 1016.92 -150.44 55.87 282.34 178.5639 -1.0999 157.8417
-0.000895 -0.004303 0.003125 -19.74 -27.22 1016.70 -145.34 45.80 285.75 178.5581 -1.1041 157.8111
-0.000895 -0.004303 0.003125 -19.74 -27.22 1016.70 -145.34 45.80 285.75 178.5581 -1.1041 157.8111
-0.001088 -0.003986 0.003281 -19.62 -27.20 1016.75 -149.71 46.23 291.39 178.5513 -1.1039 157.8201
-0.000447 -0.004064 0.002538 -19.93 -27.06 1016.96 -150.44 50.65 290.51 178.5534 -1.1110 157.8430
0.000362 -0.004074 0.001974 -19.54 -27.07 1015.60 -143.88 49.64 288.65 178.5569 -1.1068 157.8452
0.000362 -0.004074 0.001974 -19.54 -27.07 1015.60 -143.88 49.64 288.65 178.5569 -1.1068 157.8452
0.000816 -0.004535 0.001232 -19.77 -26.20 1015.36 -145.34 52.52 287.05 178.5722 -1.1076 157.8549
0.000816 -0.004535 0.001232 -19.77 -26.20 1015.36 -145.34 52.52 287.05 178.5722 -1.1076 157.8549
0.001688 -0.004459 0.001475 -19.77 -25.83 1015.34 -148.25 50.81 289.15 178.5852 -1.1051 157.8433
0.002380 -0.004679 0.001240 -19.93 -25.39 1015.89 -152.62 53.47 285.22 178.5898 -1.1134 157.8486
0.002380 -0.004679 0.001240 -19.93 -25.39 1015.89 -152.62 53.47 285.22 178.5898 -1.1134 157.8486
0.002599 -0.005130 0.001072 -19.29 -25.29 1016.12 -147.52 50.12 289.20 178.5914 -1.0939 157.8504
0.002582 -0.004923 0.000994 -18.74 -25.14 1015.44 -149.71 51.45 286.87 178.5946 -1.0918 157.8570
0.002687 -0.004309 0.000972 -18.55 -25.10 1016.56 -148.98 50.76 287.65 178.5952 -1.0981 157.8620
0.002675 -0.003653 0.001323 -18.32 -25.12 1016.68 -151.16 48.36 283.22 178.5973 -1.0929 157.8758
0.002675 -0.003653 0.001323 -18.32 -25.12 1016.68 -151.16 48.36 283.22 178.5973 -1.0929 157.8758
0.002711 -0.004224 0.001705 -18.09 -24.92 1016.31 -149.71 50.70 283.23 178.6019 -1.0845 157.8808
0.002810 -0.005356 0.001881 -18.53 -24.91 1016.60 -152.62 49.74 284.58 178.6010 -1.0865 157.8831
0.002659 -0.006123 0.002219 -18.85 -25.39 1016.92 -152.62 46.76 283.19 178.5901 -1.0770 157.8956
0.002588 -0.006481 0.002321 -18.75 -25.98 1016.67 -148.98 53.00 284.67 178.5898 -1.0775 157.8853
0.002579 -0.006007 0.002139 -18.92 -26.22 1016.83 -149.71 54.43 288.26 178.5846 -1.0845 157.8718
0.002579 -0.006007 0.002139 -18.92 -26.22 1016.83 -149.71 54.43 288.26 178.5846 -1.0845 157.8718
0.002835 -0.005357 0.001544 -19.04 -26.79 1017.55 -150.44 53.63 286.05 178.5791 -1.0867 157.8602
0.003135 -0.005192 0.001303 -18.96 -27.25 1017.61 -150.44 53.63 286.05 178.5808 -1.0835 157.8530
0.003251 -0.005645 0.001500 -18.78 -27.10 1017.25 -147.52 48.63 287.77 178.5824 -1.0755 157.8587
0.003145 -0.006257 0.001363 -19.00 -27.01 1017.06 -148.98 50.76 285.46 178.5807 -1.0780 157.8600
0.002766 -0.006297 0.001220 -19.79 -26.74 1017.31 -147.52 49.37 284.10 178.5829 -1.0906 157.8636
0.002766 -0.006297 0.001220 -19.79 -26.74 1017.31 -147.52 49.37 284.10 178.5829 -1.0906 157.8636
0.002538 -0.006094 0.001498 -20.09 -26.20 1017.46 -148.98 54.49 284.64 178.5884 -1.0884 157.8547
0.002538 -0.006094 0.001498 -20.09 -26.20 1017.46 -148.98 54.49 284.64 178.5884 -1.0884 157.8547
0.003203 -0.005916 0.001277 -20.13 -26.52 1017.34 -144.61 55.56 286.28 178.5828 -1.0905 157.8189
0.003507 -0.005480 0.000852 -19.93 -27.14 1017.17 -146.80 47.19 284.18 178.5819 -1.0932 157.8318
0.003507 -0.005480 0.000852 -19.93 -27.14 1017.17 -146.80 47.19 284.18 178.5819 -1.0932 157.8318
0.003431 -0.004960 0.000671 -19.19 -26.75 1017.33 -151.16 50.59 288.29 178.5962 -1.0932 157.8726
0.003716 -0.004959 0.000101 -18.62 -26.35 1017.31 -148.98 49.26 286.96 178.5932 -1.0790 157.8637
0.003716 -0.004959 0.000101 -18.62 -26.35 1017.31 -148.98 49.26 286.96 178.5932 -1.0790 157.8637
0.003795 -0.005929 0.000545 -19.08 -26.50 1016.50 -146.07 48.73 287.84 178.5925 -1.0774 157.8627
0.003795 -0.005929 0.000545 -19.08 -26.50 1016.50 -146.07 48.73 287.84 178.5925 -1.0774 157.8627
0.003504 -0.006111 0.000128 -19.60 -26.03 1016.71 -151.16 53.58 288.22 178.5968 -1.0848 157.8631
0.002925 -0.005258 0.000914 -19.67 -26.20 1017.75 -151.16 52.83 283.84 178.5864 -1.0902 157.8460
0.002925 -0.005258 0.000914 -19.67 -26.20 1017.75 -151.16 52.83 283.84 178.5864 -1.0902 157.8460
0.002146 -0.004915 0.001651 -19.65 -26.44 1018.27 -151.16 52.83 283.84 178.5802 -1.0913 157.8394
0.001069 -0.005227 0.001828 -19.81 -26.22 1017.31 -150.44 51.39 287.57 178.5747 -1.0918 157.8408
0.000843 -0.006002 0.001671 -19.84 -26.25 1016.59 -150.44 55.13 283.82 178.5715 -1.0848 157.8273
0.000675 -0.005884 0.001746 -19.31 -26.30 1016.72 -148.98 46.28 286.30 178.5690 -1.0794 157.8468
0.000675 -0.005884 0.001746 -19.31 -26.30 1016.72 -148.98 46.28 286.30 178.5690 -1.0794 157.8468
0.000346 -0.005857 0.002630 -18.81 -25.99 1016.99 -148.98 48.52 288.44 178.5703 -1.0735 157.8535
0.000854 -0.005985 0.002679 -18.79 -25.96 1016.23 -148.25 52.30 291.31 178.5722 -1.0734 157.8461
0.001544 -0.006100 0.002068 -18.98 -26.13 1015.81 -153.35 50.43 285.99 178.5744 -1.0741 157.8564
0.001329 -0.006934 0.001860 -19.47 -26.28 1015.94 -150.44 47.66 288.39 178.5692 -1.0727 157.8663
0.001295 -0.007164 0.001643 -19.51 -26.42 1014.90 -148.25 51.56 288.40 178.5666 -1.0704 157.8627
0.001295 -0.007164 0.001643 -19.51 -26.42 1014.90 -148.25 51.56 288.40 178.5666 -1.0704 157.8627
0.000762 -0.007165 0.001301 -19.89 -26.41 1015.55 -147.52 53.10 287.67 178.5623 -1.0754 157.8532
0.000557 -0.007262 0.001519 -20.17 -25.91 1017.29 -148.98 49.26 283.30 178.5679 -1.0764 157.8633
0.001742 -0.006595 0.001590 -20.21 -25.46 1018.26 -142.43 52.74 287.19 178.5820 -1.0820 157.8508
0.002154 -0.005816 0.001868 -20.73 -24.43 1018.01 -153.35 51.18 284.51 178.5981 -1.0961 157.8647
0.001437 -0.005817 0.002186 -20.50 -24.40 1018.54 -153.35 45.96 288.29 178.5900 -1.0907 157.8865
0.001437 -0.005817 0.002186 -20.50 -24.40 1018.54 -153.35 45.96 288.29 178.5900 -1.0907 157.8865
0.001488 -0.006251 0.001689 -20.07 -24.65 1018.32 -153.35 45.96 288.29 178.5894 -1.0830 157.9155
0.001964 -0.006300 0.001278 -20.08 -24.77 1018.41 -146.07 47.24 282.02 178.5927 -1.0844 157.9277
0.001573 -0.005853 0.001238 -20.02 -25.01 1019.01 -148.98 53.00 288.33 178.5872 -1.0868 157.9183
0.001344 -0.005808 0.000957 -20.58 -24.57 1019.86 -146.07 48.73 285.65 178.5935 -1.0950 157.9294
0.001344 -0.005808 0.000957 -20.58 -24.57 1019.86 -146.07 48.73 285.65 178.5935 -1.0950 157.9294
0.001600 -0.005714 0.000445 -20.72 -24.48 1020.01 -147.52 51.61 290.63 178.5961 -1.0971 157.9288
0.001752 -0.005402 -0.000150 -20.67 -24.66 1019.57 -151.16 56.56 288.15 178.5955 -1.0997 157.9152
0.001752 -0.005402 -0.000150 -20.67 -24.66 1019.57 -151.16 56.56 288.15 178.5955 -1.0997 157.9152
0.001439 -0.005208 0.000253 -20.27 -25.03 1018.83 -151.89 51.29 287.50 178.5893 -1.0970 157.9138
0.002037 -0.005377 0.000942 -20.55 -25.22 1018.44 -142.43 57.96 289.26 178.5925 -1.1010 157.8692
0.001008 -0.006104 0.001689 -20.46 -24.61 1017.58 -144.61 51.83 286.37 178.5933 -1.0954 157.8625
0.001658 -0.006351 0.001623 -20.77 -24.87 1016.19 -151.89 52.78 290.40 178.5938 -1.0988 157.8552
0.001706 -0.006090 0.002048 -20.73 -25.42 1016.11 -144.61 53.32 284.14 178.5882 -1.1006 157.8315
0.001706 -0.006090 0.002048 -20.73 -25.42 1016.11 -144.61 53.32 284.14 178.5882 -1.1006 157.8315
0.001719 -0.006073 0.002129 -21.30 -25.15 1017.41 -143.88 54.87 287.07 178.5930 -1.1085 157.8096
0.001501 -0.006406 0.000613 -20.78 -25.60 1016.66 -148.98 48.52 287.71 178.5850 -1.1001 157.8266
0.001394 -0.005786 0.000629 -20.96 -25.65 1016.18 -148.98 53.74 291.24 178.5903 -1.0928 157.8669
0.000745 -0.006274 0.000712 -20.70 -25.84 1015.82 -148.98 53.74 291.24 178.5766 -1.1024 157.8029
0.000745 -0.006274 0.000712 -20.70 -25.84 1015.82 -148.98 53.74 291.24 178.5766 -1.1024 157.8029
0.000409 -0.005527 0.000203 -20.16 -25.57 1017.36 -150.44 53.63 288.98 178.5768 -1.1017 157.8055
0.000605 -0.004878 -0.000025 -19.76 -24.82 1016.96 -145.34 51.77 290.00 178.5853 -1.1025 157.8096
0.001412 -0.004887 0.000269 -19.69 -24.60 1017.15 -146.80 50.17 287.77 178.5937 -1.1024 157.8123
0.001786 -0.005209 0.001323 -20.21 -25.43 1016.91 -151.89 50.54 282.40 178.5875 -1.1065 157.8020
0.001786 -0.005209 0.001323 -20.21 -25.43 1016.91 -151.89 50.54 282.40 178.5875 -1.1065 157.8020
0.001900 -0.005230 0.002029 -19.83 -25.74 1017.23 -146.80 53.90 289.88 178.5862 -1.1020 157.7825
0.001944 -0.004813 0.002354 -20.32 -25.44 1016.60 -151.16 52.83 282.38 178.5894 -1.1124 157.7783
0.002293 -0.005460 0.002905 -20.22 -25.83 1015.91 -150.44 49.90 284.68 178.5873 -1.1080 157.7762
0.002293 -0.005460 0.002905 -20.22 -25.83 1015.91 -150.44 49.90 284.68 178.5873 -1.1080 157.7762
0.002573 -0.006444 0.002295 -20.64 -26.57 1016.81 -151.16 52.09 280.93 178.5825 -1.1056 157.7721
0.002624 -0.006311 0.002980 -20.26 -26.57 1016.78 -150.44 49.90 288.34 178.5821 -1.1021 157.7733
0.002751 -0.006277 0.002836 -20.66 -26.31 1017.30 -146.80 49.43 287.06 178.5854 -1.1071 157.7766
0.003235 -0.005654 0.002815 -20.24 -26.34 1016.67 -145.07 51.03 290.02 178.5881 -1.1077 157.7717
0.003181 -0.005854 0.003523 -20.16 -26.29 1017.17 -154.81 50.97 284.13 178.5907 -1.1059 157.7620
0.003181 -0.005854 0.003523 -20.16 -26.29 1017.17 -154.81 50.97 284.13 178.5907 -1.1059 157.7620
0.002116 -0.006243 0.003393 -20.29 -26.32 1018.46 -154.81 43.61 287.55 178.5822 -1.1045 157.7967
0.001815 -0.006300 0.003705 -19.85 -26.19 1019.74 -148.98 55.23 287.55 178.5800 -1.1019 157.8307
0.001877 -0.007212 0.003894 -18.86 -25.58 1019.77 -149.71 52.94 286.82 178.5874 -1.0818 157.8232
0.002085 -0.007808 0.003253 -18.85 -25.80 1019.41 -146.80 53.90 284.64 178.5856 -1.0731 157.8188
0.002085 -0.007808 0.003253 -18.85 -25.80 1019.41 -146.80 53.90 284.64 178.5856 -1.0731 157.8188
0.002003 -0.007563 0.002893 -19.11 -25.41 1018.82 -143.15 50.44 286.47 178.5906 -1.0771 157.8087
0.001652 -0.007605 0.002474 -18.95 -25.23 1019.79 -146.07 46.50 286.43 178.5896 -1.0755 157.8096
0.001652 -0.007605 0.002474 -18.95 -25.23 1019.79 -146.07 46.50 286.43 178.5896 -1.0755 157.8096
0.002063 -0.007597 0.002697 -18.21 -25.45 1020.24 -148.25 52.30 286.92 178.5899 -1.0612 157.8215
0.002213 -0.006811 0.002554 -18.10 -25.54 1019.88 -148.98 50.76 286.19 178.5919 -1.0634 157.8184
0.001699 -0.006473 0.003088 -18.43 -25.42 1019.12 -148.25 50.81 284.03 178.5885 -1.0657 157.8149
0.001517 -0.005511 0.003171 -18.69 -25.24 1019.26 -146.07 56.20 286.93 178.5901 -1.0767 157.8148
0.001394 -0.005038 0.003014 -18.33 -25.38 1018.85 -150.44 55.13 288.95 178.5878 -1.0764 157.7941
0.001394 -0.005038 0.003014 -18.33 -25.38 1018.85 -150.44 55.13 288.95 178.5878 -1.0764 157.7941
0.001163 -0.005306 0.003549 -18.36 -25.33 1018.31 -148.98 51.50 291.30 178.5848 -1.0731 157.7787
0.001128 -0.005478 0.004626 -18.37 -24.71 1017.90 -144.61 51.08 290.05 178.5899 -1.0743 157.7730
0.001120 -0.005883 0.004990 -18.03 -24.25 1018.13 -148.98 43.30 292.95 178.5988 -1.0657 157.7710
0.000673 -0.006286 0.005138 -18.19 -23.91 1018.19 -148.98 43.30 292.95 178.5981 -1.0607 157.8007
0.000792 -0.006907 0.004777 -18.49 -23.67 1018.02 -150.44 50.65 289.78 178.6034 -1.0651 157.8343
0.000792 -0.006907 0.004777 -18.49 -23.67 1018.02 -150.44 50.65 289.78 178.6034 -1.0651 157.8343
0.000802 -0.007540 0.004972 -17.73 -23.68 1017.87 -150.44 48.41 285.45 178.6049 -1.0478 157.8403
0.000719 -0.007470 0.004847 -17.41 -23.71 1017.96 -151.16 49.10 286.86 178.6049 -1.0374 157.8534
0.001165 -0.006876 0.004093 -17.54 -23.89 1018.51 -148.98 47.03 291.40 178.6091 -1.0399 157.8690
0.001726 -0.006380 0.003390 -17.53 -24.20 1018.53 -143.88 50.39 287.91 178.6077 -1.0402 157.8848
0.001726 -0.006380 0.003390 -17.53 -24.20 1018.53 -143.88 50.39 287.91 178.6077 -1.0402 157.8848
0.001781 -0.006120 0.002797 -17.53 -24.32 1018.16 -143.15 53.43 292.26 178.6097 -1.0443 157.8852
0.002030 -0.005746 0.002502 -17.85 -24.26 1017.74 -149.71 47.72 289.15 178.6158 -1.0498 157.8709
0.002470 -0.005261 0.002788 -18.30 -23.91 1019.40 -149.71 52.94 293.42 178.6284 -1.0595 157.8767
0.002470 -0.005261 0.002788 -18.30 -23.91 1019.40 -149.71 52.94 293.42 178.6284 -1.0595 157.8767
0.002907 -0.004936 0.003523 -19.00 -23.76 1020.25 -142.43 48.26 291.68 178.6266 -1.0704 157.8675
0.002931 -0.004923 0.003812 -19.69 -24.16 1020.19 -146.80 47.19 287.11 178.6246 -1.0754 157.8705
0.002829 -0.004843 0.003797 -19.93 -24.26 1019.53 -146.07 53.96 284.06 178.6272 -1.0790 157.8621
0.003112 -0.004950 0.003699 -19.63 -24.15 1019.42 -151.16 49.85 289.04 178.6334 -1.0675 157.8685
0.003393 -0.005045 0.003546 -18.97 -24.26 1018.72 -147.52 53.10 284.01 178.6308 -1.0643 157.8654
0.003393 -0.005045 0.003546 -18.97 -24.26 1018.72 -147.52 53.10 284.01 178.6308 -1.0643 157.8654
0.002728 -0.005076 0.002787 -18.69 -24.35 1018.71 -147.52 53.10 284.01 178.6268 -1.0605 157.8628
0.002229 -0.004722 0.002717 -18.21 -24.18 1019.14 -148.25 53.80 283.96 178.6288 -1.0570 157.8562
0.002111 -0.004456 0.002533 -17.75 -24.40 1018.50 -154.08 48.89 289.65 178.6214 -1.0534 157.8708
0.002674 -0.004273 0.002078 -17.69 -24.50 1017.65 -148.25 47.08 290.70 178.6345 -1.0563 157.8928
0.003161 -0.003977 0.001854 -18.02 -24.37 1017.44 -147.52 44.90 284.20 178.6344 -1.0644 157.9123
0.003161 -0.003977 0.001854 -18.02 -24.37 1017.44 -147.52 44.90 284.20 178.6344 -1.0644 157.9123
0.003660 -0.003404 0.002078 -18.81 -24.26 1017.33 -151.89 52.03 285.29 178.6460 -1.0821 157.9114
0.003434 -0.003068 0.002102 -19.56 -24.20 1017.03 -154.08 50.38 288.88 178.6386 -1.0902 157.9190
0.003434 -0.003068 0.002102 -19.56 -24.20 1017.03 -154.08 50.38 288.88 178.6386 -1.0902 157.9190
0.003385 -0.003182 0.001674 -19.78 -24.54 1016.39 -148.98 48.52 288.44 178.6382 -1.0901 157.9283
0.003478 -0.002974 0.001865 -19.39 -24.85 1016.53 -146.80 45.70 289.34 178.6362 -1.0875 157.9415
0.003555 -0.002847 0.002608 -19.50 -24.92 1016.42 -148.25 50.81 285.49 178.6388 -1.0968 157.9329
0.003044 -0.003208 0.002694 -19.80 -25.06 1015.31 -148.98 46.28 287.03 178.6300 -1.0955 157.9493
0.003091 -0.003253 0.001972 -19.71 -25.15 1014.98 -146.80 47.19 287.84 178.6343 -1.0966 157.9678
0.003091 -0.003253 0.001972 -19.71 -25.15 1014.98 -146.80 47.19 287.84 178.6343 -1.0966 157.9678
0.003002 -0.003118 0.001905 -19.79 -24.73 1016.04 -149.71 52.94 288.30 178.6407 -1.1016 157.9653
0.003152 -0.003434 0.001807 -19.83 -24.78 1016.78 -151.16 52.83 291.16 178.6375 -1.0986 157.9586
0.002835 -0.004236 0.001499 -19.09 -24.72 1017.29 -151.16 52.83 291.16 178.6394 -1.0799 157.9670
0.002775 -0.005037 0.002041 -19.13 -25.20 1018.03 -151.16 52.09 286.06 178.6285 -1.0826 157.9455
0.002752 -0.005465 0.002311 -19.61 -25.79 1017.34 -149.71 49.21 285.46 178.6261 -1.0852 157.9500
0.002752 -0.005465 0.002311 -19.61 -25.79 1017.34 -149.71 49.21 285.46 178.6261 -1.0852 157.9500
0.002841 -0.005507 0.001749 -19.51 -25.70 1016.52 -147.52 50.12 287.74 178.6288 -1.0818 157.9593
0.002632 -0.005347 0.001505 -19.76 -26.16 1016.10 -146.80 50.17 290.70 178.6163 -1.0896 157.9461
0.002950 -0.005606 0.001924 -20.01 -26.10 1016.38 -148.25 56.03 286.83 178.6266 -1.0886 157.9275
0.003003 -0.005036 0.002132 -20.52 -26.06 1017.19 -147.52 49.37 286.29 178.6228 -1.1035 157.9246
0.003003 -0.005036 0.002132 -20.52 -26.06 1017.19 -147.52 49.37 286.29 178.6228 -1.1035 157.9246
0.002524 -0.005158 0.001928 -20.75 -25.46 1016.86 -146.80 46.44 292.25 178.6292 -1.1026 157.9494
0.002648 -0.005142 0.001208 -20.99 -25.18 1016.58 -148.98 45.53 282.66 178.6308 -1.1088 157.9745
0.002648 -0.005142 0.001208 -20.99 -25.18 1016.58 -148.98 45.53 282.66 178.6308 -1.1088 157.9745
0.002047 -0.004910 0.000131 -21.07 -24.72 1016.52 -148.98 50.01 289.14 178.6331 -1.1125 157.9949
