0.005624 -0.006474 0.002635 -1014.26 6.14 22.74 -444.62 -90.59 -25.28 0.0000 -88.6949 -109.4114
0.005388 -0.007062 0.002442 -1014.29 6.35 22.80 -447.53 -94.53 -28.98 0.0000 -88.6906 -109.4409
0.005495 -0.007874 0.002110 -1013.76 7.02 23.91 -446.08 -101.89 -26.54 0.0000 -88.6663 -109.4691
0.004841 -0.007443 0.002338 -1014.03 7.81 24.04 -443.89 -94.26 -29.55 0.0000 -88.6665 -109.4961
0.005212 -0.007385 0.002082 -1014.26 8.21 24.86 -443.16 -95.70 -28.75 0.0000 -88.6514 -109.5437
0.005826 -0.008135 0.001575 -1013.75 8.26 24.92 -444.62 -93.57 -29.60 0.0000 -88.6461 -109.5718
0.005826 -0.008135 0.001575 -1013.75 8.26 24.92 -444.62 -93.57 -29.60 0.0000 -88.6461 -109.5718
0.005496 -0.007978 0.002178 -1013.02 8.03 23.86 -446.08 -99.65 -20.01 0.0000 -88.6553 -109.5197
0.005261 -0.007669 0.002392 -1013.75 7.59 23.09 -448.99 -97.63 -22.39 0.0000 -88.6632 -109.4951
0.005519 -0.007155 0.002323 -1013.23 8.20 23.68 -444.62 -97.30 -23.66 0.0000 -88.6537 -109.5015
0.005519 -0.007155 0.002323 -1013.23 8.20 23.68 -444.62 -97.30 -23.66 0.0000 -88.6537 -109.5015
0.005195 -0.007259 0.003027 -1012.90 8.22 23.60 -443.89 -97.25 -29.48 0.0000 -88.6516 -109.5267
0.006261 -0.007268 0.002569 -1013.82 7.95 23.05 -448.99 -95.39 -20.98 0.0000 -88.6574 -109.4892
0.005853 -0.007838 0.002795 -1013.88 8.13 22.59 -448.99 -95.39 -20.98 0.0000 -88.6546 -109.4614
0.005771 -0.007284 0.002676 -1013.25 7.62 22.98 -448.99 -96.13 -24.62 0.0000 -88.6543 -109.4800
0.004816 -0.006120 0.002205 -1013.59 7.38 22.89 -445.35 -95.86 -22.26 0.0000 -88.6642 -109.4739
0.004816 -0.006120 0.002205 -1013.59 7.38 22.89 -445.35 -95.86 -22.26 0.0000 -88.6642 -109.4739
0.004198 -0.005831 0.002127 -1013.45 8.09 22.21 -442.44 -94.15 -30.21 0.0000 -88.6706 -109.4905
0.003937 -0.004824 0.001713 -1013.33 8.13 20.83 -443.89 -104.71 -23.45 0.0000 -88.6925 -109.4366
0.003422 -0.004680 0.001583 -1013.79 7.41 20.99 -450.45 -94.00 -24.01 0.0000 -88.6954 -109.4528
0.003272 -0.004439 0.001667 -1014.08 6.71 21.23 -443.16 -97.94 -27.96 0.0000 -88.6994 -109.4793
0.003272 -0.004439 0.001667 -1014.08 6.71 21.23 -443.16 -97.94 -27.96 0.0000 -88.6994 -109.4793
0.003120 -0.005308 0.001354 -1013.49 6.85 22.02 -446.08 -100.39 -25.12 0.0000 -88.6864 -109.4931
0.002865 -0.005223 0.001881 -1013.02 5.94 21.40 -446.08 -98.16 -22.97 0.0000 -88.6978 -109.4750
0.002645 -0.005941 0.002917 -1013.45 6.18 22.61 -443.89 -99.49 -27.96 0.0000 -88.6794 -109.5153
0.003084 -0.006683 0.003796 -1014.13 6.22 22.98 -448.26 -97.57 -26.02 0.0000 -88.6667 -109.5301
0.003084 -0.006683 0.003796 -1014.13 6.22 22.98 -448.26 -97.57 -26.02 0.0000 -88.6667 -109.5301
0.003768 -0.006318 0.004148 -1013.98 6.69 22.93 -446.81 -98.96 -30.31 0.0000 -88.6673 -109.5494
0.004705 -0.006897 0.004233 -1013.40 6.90 23.15 -443.89 -94.80 -23.29 0.0000 -88.6580 -109.5453
0.005260 -0.006924 0.003579 -1012.96 6.42 22.74 -443.89 -92.02 -29.60 0.0000 -88.6641 -109.5736
0.005260 -0.006924 0.003579 -1012.96 6.42 22.74 -443.89 -92.02 -29.60 0.0000 -88.6641 -109.5736
0.005893 -0.007017 0.003419 -1013.04 5.53 23.08 -451.17 -92.29 -29.60 0.0000 -88.6621 -109.6267
0.006730 -0.007336 0.002729 -1012.97 4.80 23.13 -446.08 -95.17 -21.76 0.0000 -88.6621 -109.6110
0.006670 -0.007534 0.001770 -1013.17 4.80 23.34 -449.72 -91.71 -28.14 0.0000 -88.6615 -109.6405
0.006088 -0.008099 0.002262 -1014.10 5.11 23.36 -445.35 -95.86 -25.19 0.0000 -88.6526 -109.6546
0.006088 -0.008099 0.002262 -1014.10 5.11 23.36 -445.35 -95.86 -25.19 0.0000 -88.6526 -109.6546
0.005755 -0.007529 0.002376 -1013.68 5.16 23.42 -443.89 -95.01 -32.46 0.0000 -88.6545 -109.6677
0.005833 -0.007500 0.002345 -1012.51 5.37 23.16 -446.08 -92.93 -28.95 0.0000 -88.6564 -109.7058
0.005781 -0.007856 0.002469 -1012.32 5.62 23.11 -444.62 -97.30 -26.58 0.0000 -88.6527 -109.7375
0.006053 -0.008147 0.002588 -1013.05 6.00 23.02 -450.45 -96.99 -25.40 0.0000 -88.6463 -109.7395
0.006053 -0.008147 0.002588 -1013.05 6.00 23.02 -450.45 -96.99 -25.40 0.0000 -88.6463 -109.7395
0.006040 -0.008155 0.002827 -1012.95 5.78 22.56 -444.62 -101.78 -25.01 0.0000 -88.6527 -109.7318
0.006285 -0.008323 0.002730 -1013.42 5.95 22.88 -448.26 -100.56 -27.41 0.0000 -88.6455 -109.7267
0.006414 -0.008214 0.002694 -1013.13 5.61 22.98 -449.72 -101.41 -26.73 0.0000 -88.6458 -109.7393
0.006685 -0.008113 0.002470 -1013.16 5.60 23.26 -448.99 -99.12 -29.67 0.0000 -88.6426 -109.7448
0.006617 -0.008226 0.002017 -1012.42 5.48 23.28 -448.99 -99.12 -29.67 0.0000 -88.6391 -109.7784
0.006617 -0.008226 0.002017 -1012.42 5.48 23.28 -448.99 -99.12 -29.67 0.0000 -88.6391 -109.7784
0.005951 -0.008383 0.001728 -1012.10 5.71 22.38 -448.99 -99.12 -29.67 0.0000 -88.6475 -109.7734
0.005339 -0.007953 0.001744 -1012.12 6.09 22.73 -440.98 -94.79 -29.40 0.0000 -88.6458 -109.8039
0.004954 -0.007957 0.002095 -1012.63 6.35 22.57 -443.16 -94.96 -22.18 0.0000 -88.6406 -109.8415
0.004954 -0.007957 0.002095 -1012.63 6.35 22.57 -443.16 -94.96 -22.18 0.0000 -88.6406 -109.8415
0.004741 -0.008334 0.002166 -1012.50 6.33 20.94 -446.08 -95.92 -31.07 0.0000 -88.6635 -109.7837
0.005398 -0.008361 0.001852 -1012.34 6.44 20.55 -449.72 -99.92 -28.23 0.0000 -88.6571 -109.7928
0.005840 -0.008143 0.002194 -1012.96 6.36 20.83 -443.89 -100.23 -31.60 0.0000 -88.6681 -109.8072
0.005772 -0.008071 0.001703 -1013.16 6.36 20.56 -447.53 -99.01 -36.93 0.0000 -88.6619 -109.8811
0.006288 -0.007855 0.001481 -1013.22 6.66 20.97 -445.35 -99.59 -28.03 0.0000 -88.6635 -109.8820
0.006288 -0.007855 0.001481 -1013.22 6.66 20.97 -445.35 -99.59 -28.03 0.0000 -88.6635 -109.8820
0.006302 -0.007183 0.001463 -1013.71 7.40 21.01 -443.89 -101.72 -29.37 0.0000 -88.6687 -109.8809
0.006109 -0.006766 0.001951 -1013.72 7.72 20.73 -443.16 -95.70 -28.01 0.0000 -88.6723 -109.8888
0.005737 -0.006919 0.002760 -1013.05 7.58 20.39 -451.17 -99.28 -27.58 0.0000 -88.6753 -109.8838
0.005737 -0.006919 0.002760 -1013.05 7.58 20.39 -451.17 -99.28 -27.58 0.0000 -88.6753 -109.8838
0.005446 -0.007295 0.003283 -1012.57 7.48 19.98 -449.72 -98.43 -24.60 0.0000 -88.6747 -109.8681
0.004363 -0.007297 0.002929 -1012.98 7.53 20.21 -443.89 -96.50 -25.10 0.0000 -88.6735 -109.8930
0.003784 -0.007538 0.002258 -1013.26 7.25 20.36 -443.89 -96.50 -25.10 0.0000 -88.6771 -109.8746
0.004104 -0.007659 0.001528 -1012.86 7.28 20.35 -445.35 -101.09 -25.80 0.0000 -88.6746 -109.8753
0.004466 -0.007053 0.001419 -1012.69 7.34 20.72 -446.81 -101.19 -30.25 0.0000 -88.6796 -109.8903
0.004466 -0.007053 0.001419 -1012.69 7.34 20.72 -446.81 -101.19 -30.25 0.0000 -88.6796 -109.8903
0.005049 -0.006499 0.001041 -1012.97 7.00 20.84 -448.26 -95.33 -24.61 0.0000 -88.6864 -109.8883
0.005065 -0.006552 0.001169 -1012.91 6.45 21.08 -443.89 -100.23 -30.87 0.0000 -88.6811 -109.9260
0.005340 -0.006781 0.001190 -1012.34 6.23 21.51 -443.89 -98.74 -28.71 0.0000 -88.6777 -109.9426
0.005340 -0.006781 0.001190 -1012.34 6.23 21.51 -443.89 -98.74 -28.71 0.0000 -88.6777 -109.9426
0.005724 -0.006887 0.001589 -1012.37 6.04 22.08 -441.71 -97.83 -26.43 0.0000 -88.6691 -109.9656
0.006473 -0.006842 0.002215 -1012.38 6.08 22.74 -445.35 -98.85 -31.70 0.0000 -88.6615 -109.9969
0.006533 -0.006831 0.002950 -1012.53 6.23 22.70 -440.25 -99.22 -29.99 0.0000 -88.6659 -110.0067
0.006472 -0.007319 0.003125 -1012.84 6.21 22.45 -449.72 -99.92 -27.49 0.0000 -88.6597 -110.0122
0.006941 -0.007475 0.003023 -1012.49 6.26 22.34 -446.08 -98.16 -22.24 0.0000 -88.6626 -109.9800
0.006941 -0.007475 0.003023 -1012.49 6.26 22.34 -446.08 -98.16 -22.24 0.0000 -88.6626 -109.9800
0.006696 -0.007408 0.003111 -1012.05 6.04 22.43 -442.44 -99.38 -30.82 0.0000 -88.6591 -110.0204
0.006528 -0.006829 0.002736 -1012.48 5.79 22.44 -446.08 -98.90 -29.54 0.0000 -88.6697 -110.0321
0.006379 -0.006355 0.002216 -1012.52 5.64 22.49 -445.35 -99.59 -27.29 0.0000 -88.6698 -110.0466
0.005575 -0.006248 0.001711 -1012.41 5.45 22.78 -445.35 -99.59 -27.29 0.0000 -88.6694 -110.0676
0.005575 -0.006248 0.001711 -1012.41 5.45 22.78 -445.35 -99.59 -27.29 0.0000 -88.6694 -110.0676
0.005854 -0.006388 0.002183 -1012.98 5.54 22.74 -444.62 -95.06 -25.17 0.0000 -88.6676 -110.0571
0.005912 -0.006412 0.002835 -1012.92 5.70 22.70 -452.63 -97.15 -26.23 0.0000 -88.6662 -110.0649
0.006207 -0.006367 0.003044 -1012.92 6.33 22.47 -448.26 -96.83 -27.50 0.0000 -88.6672 -110.0553
0.006207 -0.006367 0.003044 -1012.92 6.33 22.47 -448.26 -96.83 -27.50 0.0000 -88.6672 -110.0553
0.005992 -0.006057 0.003898 -1012.79 6.88 22.89 -448.99 -99.86 -26.73 0.0000 -88.6570 -110.0767
0.005591 -0.005329 0.003851 -1011.84 6.97 23.47 -447.53 -104.98 -25.08 0.0000 -88.6586 -110.0744
0.006270 -0.005017 0.003559 -1012.18 6.50 23.86 -446.08 -100.39 -28.04 0.0000 -88.6580 -110.0908
0.006183 -0.005240 0.003092 -1013.04 6.37 24.34 -448.99 -96.88 -29.73 0.0000 -88.6504 -110.1304
0.006183 -0.005240 0.003092 -1013.04 6.37 24.34 -448.99 -96.88 -29.73 0.0000 -88.6504 -110.1304
0.006472 -0.004988 0.002485 -1013.24 6.39 24.30 -447.53 -102.74 -30.98 0.0000 -88.6570 -110.1417
0.005860 -0.005185 0.002841 -1013.67 6.45 23.89 -447.53 -99.76 -21.54 0.0000 -88.6565 -110.1109
0.005114 -0.005990 0.002673 -1014.65 7.03 24.15 -446.08 -101.14 -28.02 0.0000 -88.6430 -110.1292
0.005262 -0.006615 0.002890 -1015.22 7.02 23.76 -442.44 -92.66 -21.47 0.0000 -88.6451 -110.0975
0.004799 -0.005939 0.003518 -1014.66 6.83 23.05 -446.81 -100.45 -25.88 0.0000 -88.6568 -110.0834
0.004799 -0.005939 0.003518 -1014.66 6.83 23.05 -446.81 -100.45 -25.88 0.0000 -88.6568 -110.0834
0.004801 -0.004910 0.003280 -1015.01 6.23 23.13 -441.71 -103.05 -26.31 0.0000 -88.6637 -110.0898
0.005938 -0.004246 0.002668 -1014.26 5.93 23.16 -441.71 -103.05 -26.31 0.0000 -88.6704 -110.0751
0.007202 -0.004541 0.001465 -1014.32 5.46 22.64 -451.17 -103.76 -29.67 0.0000 -88.6797 -110.0657
0.007202 -0.004541 0.001465 -1014.32 5.46 22.64 -451.17 -103.76 -29.67 0.0000 -88.6797 -110.0657
0.006591 -0.004914 0.001600 -1014.18 5.91 22.96 -449.72 -100.66 -29.67 0.0000 -88.6697 -110.0932
0.007560 -0.005799 0.002257 -1013.64 5.81 22.57 -446.08 -100.39 -25.85 0.0000 -88.6703 -110.0676
0.007108 -0.006099 0.002046 -1013.87 6.21 22.92 -448.99 -105.09 -32.46 0.0000 -88.6615 -110.0988
0.007623 -0.005887 0.001649 -1013.24 5.47 22.82 -446.08 -98.16 -26.63 0.0000 -88.6697 -110.1013
0.006871 -0.005206 0.003127 -1012.72 5.82 23.41 -446.08 -98.16 -29.56 0.0000 -88.6618 -110.1384
0.007195 -0.005131 0.003103 -1012.19 6.10 23.68 -443.89 -98.74 -26.51 0.0000 -88.6591 -110.1414
0.007195 -0.005131 0.003103 -1012.19 6.10 23.68 -443.89 -98.74 -26.51 0.0000 -88.6591 -110.1414
0.037175 -0.006124 0.002389 -1011.77 6.57 24.02 -445.35 -101.83 -30.17 0.0000 -88.6475 -109.9437
0.033887 -0.006358 0.002948 -1011.24 6.77 24.18 -442.44 -95.65 -25.05 0.0000 -88.6417 -109.9521
0.031565 -0.005863 0.002145 -1011.74 5.95 24.74 -447.53 -102.74 -25.86 0.0000 -88.6423 -109.9670
0.028568 -0.005156 0.002874 -1011.24 5.64 24.86 -447.53 -96.03 -27.48 0.0000 -88.6440 -109.9949
0.026319 -0.004513 0.002768 -1011.96 4.87 24.83 -446.81 -99.70 -31.75 0.0000 -88.6511 -110.0365
0.026319 -0.004513 0.002768 -1011.96 4.87 24.83 -446.81 -99.70 -31.75 0.0000 -88.6511 -110.0365
0.024308 -0.003756 0.002646 -1012.65 5.13 24.79 -447.53 -99.01 -25.95 0.0000 -88.6553 -110.0383
0.024308 -0.003756 0.002646 -1012.65 5.13 24.79 -447.53 -99.01 -25.95 0.0000 -88.6553 -110.0383
0.021149 -0.004876 0.003218 -1012.80 4.25 25.09 -446.08 -98.16 -28.09 0.0000 -88.6459 -110.0769
0.021149 -0.004876 0.003218 -1012.80 4.25 25.09 -446.08 -98.16 -28.09 0.0000 -88.6459 -110.0769
0.019639 -0.005684 0.002852 -1013.22 4.99 24.66 -448.26 -99.06 -26.71 0.0000 -88.6426 -110.0674
0.018408 -0.004816 0.003384 -1013.71 5.51 24.34 -442.44 -97.14 -28.68 0.0000 -88.6485 -110.0771
0.017355 -0.004620 0.003072 -1014.52 5.60 24.34 -446.81 -100.45 -25.15 0.0000 -88.6501 -110.0712
0.017355 -0.004620 0.003072 -1014.52 5.60 24.34 -446.81 -100.45 -25.15 0.0000 -88.6501 -110.0712
0.016063 -0.004854 0.002648 -1015.06 4.82 24.93 -446.81 -95.23 -26.00 0.0000 -88.6451 -110.1062
0.014810 -0.004946 0.001995 -1014.02 5.43 25.73 -448.99 -97.63 -28.25 0.0000 -88.6338 -110.1429
0.013651 -0.004925 0.001957 -1013.44 5.41 24.82 -448.99 -99.12 -30.41 0.0000 -88.6419 -110.1534
0.012512 -0.005048 0.002004 -1013.08 5.33 23.95 -443.89 -103.16 -25.64 0.0000 -88.6510 -110.1296
0.011610 -0.005789 0.001801 -1014.08 5.84 24.18 -440.25 -97.99 -28.73 0.0000 -88.6409 -110.1509
0.011610 -0.005789 0.001801 -1014.08 5.84 24.18 -440.25 -97.99 -28.73 0.0000 -88.6409 -110.1509
0.011064 -0.005589 0.001446 -1013.61 5.41 23.97 -448.99 -96.87 -27.85 0.0000 -88.6455 -110.1655
0.009482 -0.005438 0.001408 -1013.94 6.25 23.23 -445.35 -98.36 -24.57 0.0000 -88.6508 -110.1449
0.008461 -0.005235 0.001732 -1014.11 6.79 22.45 -444.62 -98.79 -28.08 0.0000 -88.6603 -110.1374
0.007470 -0.005975 0.001850 -1013.63 6.78 22.53 -444.62 -98.79 -29.47 0.0000 -88.6556 -110.1619
0.007470 -0.005975 0.001850 -1013.63 6.78 22.53 -444.62 -98.79 -29.47 0.0000 -88.6556 -110.1619
0.006828 -0.006724 0.002146 -1013.73 6.95 22.48 -445.35 -94.37 -28.88 0.0000 -88.6495 -110.1787
0.006828 -0.006724 0.002146 -1013.73 6.95 22.48 -445.35 -94.37 -28.88 0.0000 -88.6495 -110.1787
0.006852 -0.006850 0.002543 -1013.85 6.64 22.75 -447.53 -95.28 -30.43 0.0000 -88.6446 -110.2122
0.006503 -0.007268 0.002262 -1013.31 6.63 22.35 -448.26 -99.06 -31.84 0.0000 -88.6481 -110.2305
0.006299 -0.007605 0.002789 -1013.76 6.78 22.77 -450.45 -97.73 -34.90 0.0000 -88.6396 -110.2670
0.006708 -0.007461 0.002484 -1014.36 6.85 23.57 -443.16 -97.19 -33.83 0.0000 -88.6281 -110.3318
0.006518 -0.006796 0.002223 -1014.55 6.99 22.88 -451.17 -101.52 -28.26 0.0000 -88.6351 -110.3621
0.006518 -0.006796 0.002223 -1014.55 6.99 22.88 -451.17 -101.52 -28.26 0.0000 -88.6351 -110.3621
0.006103 -0.005708 0.002278 -1014.83 7.10 21.82 -451.17 -103.01 -29.69 0.0000 -88.6596 -110.3289
0.005871 -0.005800 0.002183 -1015.12 7.39 23.09 -452.63 -103.12 -24.63 0.0000 -88.6479 -110.3694
0.005930 -0.006910 0.002850 -1015.04 7.26 23.12 -443.16 -95.70 -28.01 0.0000 -88.6350 -110.3534
0.005582 -0.007188 0.002828 -1014.52 7.19 22.83 -446.08 -98.90 -25.88 0.0000 -88.6361 -110.3634
0.005028 -0.007144 0.003164 -1014.76 7.46 22.86 -444.62 -101.03 -22.10 0.0000 -88.6344 -110.3573
0.005028 -0.007144 0.003164 -1014.76 7.46 22.86 -444.62 -101.03 -22.10 0.0000 -88.6344 -110.3573
0.004492 -0.007029 0.003670 -1014.90 7.67 23.04 -444.62 -101.03 -20.64 0.0000 -88.6297 -110.3408
0.004714 -0.007107 0.003838 -1014.67 7.79 22.90 -446.08 -101.14 -30.95 0.0000 -88.6281 -110.3005
0.004759 -0.007516 0.003787 -1014.67 7.37 22.51 -446.08 -101.14 -30.95 0.0000 -88.6292 -110.3120
0.004438 -0.007619 0.003587 -1014.29 6.80 22.36 -448.26 -104.29 -28.05 0.0000 -88.6300 -110.3269
0.004009 -0.007473 0.003140 -1014.08 6.78 22.51 -452.63 -101.63 -26.86 0.0000 -88.6386 -110.3444
0.004009 -0.007473 0.003140 -1014.08 6.78 22.51 -452.63 -101.63 -26.86 0.0000 -88.6386 -110.3444
0.003738 -0.007330 0.002879 -1014.00 7.03 21.96 -449.72 -102.90 -28.89 0.0000 -88.6357 -110.3316
0.003730 -0.006880 0.002190 -1014.26 7.25 22.76 -449.72 -96.19 -34.17 0.0000 -88.6265 -110.4086
0.003729 -0.006672 0.001968 -1014.65 7.20 22.77 -442.44 -99.38 -25.70 0.0000 -88.6482 -110.3458
0.003728 -0.006876 0.001825 -1014.89 7.53 21.44 -443.16 -99.43 -28.66 0.0000 -88.6412 -110.3634
0.003728 -0.006876 0.001825 -1014.89 7.53 21.44 -443.16 -99.43 -28.66 0.0000 -88.6412 -110.3634
0.004216 -0.006969 0.001923 -1015.28 7.13 21.83 -451.90 -97.84 -25.45 0.0000 -88.6430 -110.3652
0.004499 -0.006516 0.001714 -1015.58 6.82 21.85 -443.89 -100.98 -31.58 0.0000 -88.6533 -110.3743
0.004499 -0.006516 0.001714 -1015.58 6.82 21.85 -443.89 -100.98 -31.58 0.0000 -88.6533 -110.3743
0.004233 -0.005553 0.001620 -1015.98 6.93 21.52 -445.35 -95.86 -31.04 0.0000 -88.6634 -110.4003
0.004813 -0.004965 0.001964 -1016.78 6.97 21.83 -445.35 -99.59 -23.64 0.0000 -88.6565 -110.3918
0.005530 -0.005240 0.001905 -1016.68 6.34 22.08 -443.89 -100.98 -27.92 0.0000 -88.6647 -110.3880
0.005241 -0.005413 0.001517 -1016.29 5.69 21.98 -449.72 -103.65 -28.14 0.0000 -88.6638 -110.4017
0.004980 -0.005597 0.001849 -1016.22 5.32 22.19 -448.26 -94.59 -31.21 0.0000 -88.6629 -110.4399
0.004167 -0.005673 0.002462 -1016.42 5.02 22.64 -448.26 -94.59 -31.21 0.0000 -88.6540 -110.5090
0.004167 -0.005673 0.002462 -1016.42 5.02 22.64 -448.26 -94.59 -31.21 0.0000 -88.6540 -110.5090
0.003913 -0.005368 0.002776 -1016.71 5.25 23.34 -443.89 -96.50 -25.83 0.0000 -88.6532 -110.5081
0.003787 -0.005094 0.002732 -1016.37 5.54 23.16 -447.53 -101.25 -28.82 0.0000 -88.6610 -110.5071
0.003593 -0.004797 0.002973 -1015.98 5.72 23.00 -444.62 -100.29 -27.24 0.0000 -88.6591 -110.5117
0.003625 -0.004879 0.003184 -1015.23 5.66 22.93 -448.26 -93.84 -26.11 0.0000 -88.6626 -110.5158
0.003625 -0.004879 0.003184 -1015.23 5.66 22.93 -448.26 -93.84 -26.11 0.0000 -88.6626 -110.5158
0.003693 -0.004842 0.002991 -1014.91 5.23 22.91 -446.08 -102.63 -28.72 0.0000 -88.6647 -110.5295
0.003596 -0.004829 0.002948 -1015.35 5.02 23.15 -444.62 -97.30 -27.31 0.0000 -88.6623 -110.5452
0.003596 -0.004829 0.002948 -1015.35 5.02 23.15 -444.62 -97.30 -27.31 0.0000 -88.6623 -110.5452
0.003832 -0.004927 0.003424 -1015.67 5.23 22.45 -446.08 -99.65 -22.21 0.0000 -88.6720 -110.5104
0.003832 -0.004927 0.003424 -1015.67 5.23 22.45 -446.08 -99.65 -22.21 0.0000 -88.6720 -110.5104
0.004287 -0.005186 0.003120 -1015.75 5.56 22.71 -448.26 -99.81 -27.43 0.0000 -88.6619 -110.5283
0.004331 -0.005434 0.001972 -1015.44 5.78 22.81 -452.63 -103.87 -32.66 0.0000 -88.6678 -110.5392
0.004331 -0.005434 0.001972 -1015.44 5.78 22.81 -452.63 -103.87 -32.66 0.0000 -88.6678 -110.5392
0.004127 -0.005770 0.000530 -1015.20 5.66 22.74 -441.71 -98.58 -27.15 0.0000 -88.6676 -110.5505
0.004531 -0.006056 0.000448 -1015.82 5.52 23.27 -451.17 -100.77 -29.74 0.0000 -88.6583 -110.5764
0.004850 -0.005752 0.000822 -1015.64 5.81 22.60 -447.53 -99.01 -31.07 0.0000 -88.6747 -110.5603
0.005318 -0.006195 0.000780 -1015.28 5.80 22.29 -447.53 -99.01 -31.07 0.0000 -88.6682 -110.5876
0.005318 -0.006195 0.000780 -1015.28 5.80 22.29 -447.53 -99.01 -31.07 0.0000 -88.6682 -110.5876
0.005450 -0.006254 0.000523 -1015.21 6.29 21.71 -440.98 -96.29 -24.97 0.0000 -88.6785 -110.5474
0.005076 -0.005645 0.000262 -1015.69 6.79 21.69 -447.53 -104.98 -30.20 0.0000 -88.6794 -110.5605
0.005422 -0.005147 0.000562 -1015.17 6.52 21.69 -446.08 -98.16 -29.56 0.0000 -88.6866 -110.5695
0.004831 -0.005223 0.001103 -1014.65 6.29 21.27 -441.71 -94.85 -29.43 0.0000 -88.6916 -110.5825
0.004670 -0.005705 0.001801 -1014.30 6.04 22.49 -444.62 -101.78 -26.48 0.0000 -88.6687 -110.6200
0.004670 -0.005705 0.001801 -1014.30 6.04 22.49 -444.62 -101.78 -26.48 0.0000 -88.6687 -110.6200
0.003514 -0.005620 0.002582 -1013.68 5.92 24.06 -448.26 -95.33 -28.27 0.0000 -88.6536 -110.6805
0.003527 -0.005717 0.002828 -1014.03 5.93 24.09 -441.71 -91.86 -27.30 0.0000 -88.6565 -110.6870
0.004347 -0.007167 0.002936 -1014.00 6.41 23.27 -449.72 -102.16 -20.12 0.0000 -88.6508 -110.6145
0.004667 -0.007174 0.002138 -1014.21 6.39 22.63 -451.17 -97.04 -25.44 0.0000 -88.6593 -110.5973
0.004667 -0.007174 0.002138 -1014.21 6.39 22.63 -451.17 -97.04 -25.44 0.0000 -88.6593 -110.5973
0.004655 -0.006938 0.002147 -1014.89 6.65 23.09 -443.89 -99.49 -25.76 0.0000 -88.6510 -110.6037
0.004295 -0.006616 0.001609 -1014.53 5.98 23.04 -446.08 -100.39 -25.12 0.0000 -88.6594 -110.5959
0.003393 -0.006742 0.001728 -1014.75 5.14 23.10 -447.53 -101.99 -25.15 0.0000 -88.6591 -110.5989
0.003393 -0.006742 0.001728 -1014.75 5.14 23.10 -447.53 -101.99 -25.15 0.0000 -88.6591 -110.5989
0.003637 -0.005933 0.001733 -1014.57 4.86 22.99 -447.53 -101.99 -25.15 0.0000 -88.6670 -110.5814
0.002937 -0.006196 0.001710 -1013.32 4.71 23.16 -447.53 -101.99 -25.15 0.0000 -88.6626 -110.5818
0.003843 -0.005641 0.002227 -1013.50 4.98 22.82 -443.89 -95.76 -27.32 0.0000 -88.6695 -110.5719
0.003225 -0.005970 0.002311 -1013.07 4.63 23.38 -445.35 -98.10 -26.60 0.0000 -88.6609 -110.6010
0.003788 -0.005317 0.002684 -1011.88 4.81 23.65 -449.72 -97.68 -23.89 0.0000 -88.6618 -110.5901
0.003788 -0.005317 0.002684 -1011.88 4.81 23.65 -449.72 -97.68 -23.89 0.0000 -88.6618 -110.5901
0.004199 -0.005351 0.002707 -1011.72 4.53 23.66 -448.26 -100.56 -20.82 0.0000 -88.6626 -110.5571
0.004097 -0.004946 0.002598 -1011.84 4.56 23.22 -448.26 -101.30 -24.47 0.0000 -88.6703 -110.5312
0.004455 -0.005039 0.002264 -1012.14 4.55 22.67 -448.26 -101.30 -29.59 0.0000 -88.6769 -110.5279
0.004279 -0.005368 0.002065 -1011.59 5.06 22.86 -442.44 -98.63 -21.32 0.0000 -88.6712 -110.5031
0.004279 -0.005368 0.002065 -1011.59 5.06 22.86 -442.44 -98.63 -21.32 0.0000 -88.6712 -110.5031
0.005714 -0.004966 0.002009 -1011.15 5.12 22.85 -450.45 -100.72 -26.78 0.0000 -88.6751 -110.4891
0.005028 -0.005144 0.001957 -1011.79 5.14 22.54 -449.72 -97.68 -28.28 0.0000 -88.6779 -110.4968
0.004942 -0.004406 0.000977 -1011.64 4.78 22.60 -443.16 -97.94 -30.89 0.0000 -88.6860 -110.5266
0.004942 -0.004406 0.000977 -1011.64 4.78 22.60 -443.16 -97.94 -30.89 0.0000 -88.6860 -110.5266
0.004699 -0.004111 0.001152 -1010.73 4.44 22.59 -442.44 -95.65 -27.98 0.0000 -88.6904 -110.5452
0.005110 -0.004227 0.001478 -1011.79 4.42 22.39 -443.16 -91.97 -27.37 0.0000 -88.6925 -110.5551
0.005884 -0.003727 0.002696 -1011.51 4.60 21.93 -443.16 -91.97 -27.37 0.0000 -88.7005 -110.5511
0.005143 -0.003719 0.002420 -1010.93 4.76 21.87 -449.72 -100.66 -24.55 0.0000 -88.7034 -110.5378
0.005263 -0.003803 0.003238 -1011.14 4.42 21.35 -442.44 -100.12 -25.68 0.0000 -88.7097 -110.5159
0.005263 -0.003803 0.003238 -1011.14 4.42 21.35 -442.44 -100.12 -25.68 0.0000 -88.7097 -110.5159
0.005376 -0.003791 0.003516 -1011.38 4.14 22.02 -452.63 -101.63 -28.32 0.0000 -88.7058 -110.5368
0.006365 -0.003794 0.003485 -1012.15 4.33 21.85 -442.26 -100.98 -26.46 0.0000 -88.7082 -110.5159
0.006901 -0.003352 0.002965 -1012.27 4.24 21.31 -448.26 -96.83 -23.84 0.0000 -88.7202 -110.4852
0.007321 -0.003474 0.002702 -1012.53 4.29 20.31 -451.17 -101.30 -27.39 0.0000 -88.7353 -110.4501
0.007294 -0.004622 0.002540 -1012.72 4.88 20.51 -445.35 -99.59 -30.44 0.0000 -88.7254 -110.4603
0.007294 -0.004622 0.002540 -1012.72 4.88 20.51 -445.35 -99.59 -30.44 0.0000 -88.7254 -110.4603
0.007747 -0.005306 0.002796 -1013.15 4.50 19.45 -448.99 -100.61 -28.76 0.0000 -88.7354 -110.4315
0.007258 -0.005401 0.002960 -1013.66 4.73 19.77 -448.26 -97.57 -23.87 0.0000 -88.7351 -110.4167
0.007873 -0.005726 0.002841 -1014.55 5.39 20.14 -444.62 -96.56 -26.65 0.0000 -88.7259 -110.4089
0.006887 -0.004969 0.002853 -1014.30 5.52 19.11 -444.62 -95.81 -22.23 0.0000 -88.7473 -110.3961
0.006887 -0.004969 0.002853 -1014.30 5.52 19.11 -444.62 -95.81 -22.23 0.0000 -88.7473 -110.3961
0.006671 -0.004716 0.002665 -1014.32 5.76 20.39 -444.62 -97.30 -24.39 0.0000 -88.7378 -110.3983
0.006283 -0.005162 0.001895 -1013.92 5.53 20.54 -444.62 -97.30 -24.39 0.0000 -88.7359 -110.4005
0.006283 -0.005162 0.001895 -1013.92 5.53 20.54 -444.62 -97.30 -24.39 0.0000 -88.7359 -110.4005
0.006611 -0.005311 0.002361 -1014.24 6.10 19.41 -449.72 -101.41 -26.73 0.0000 -88.7458 -110.3413
0.006464 -0.004984 0.002248 -1014.02 5.94 19.79 -450.45 -100.72 -25.32 0.0000 -88.7490 -110.3364
0.005550 -0.004747 0.002411 -1013.59 6.15 20.34 -444.62 -100.29 -27.98 0.0000 -88.7444 -110.3394
0.004933 -0.004933 0.002592 -1014.21 5.94 20.09 -445.35 -97.36 -25.15 0.0000 -88.7507 -110.3377
0.005110 -0.005430 0.002943 -1013.85 5.95 20.38 -443.89 -100.98 -30.85 0.0000 -88.7462 -110.3315
0.004683 -0.006023 0.003307 -1013.73 5.67 20.22 -443.16 -100.18 -26.45 0.0000 -88.7407 -110.3473
0.004683 -0.006023 0.003307 -1013.73 5.67 20.22 -443.16 -100.18 -26.45 0.0000 -88.7407 -110.3473
0.003879 -0.006255 0.003012 -1014.16 5.11 19.44 -448.26 -97.57 -24.55 0.0000 -88.7545 -110.3258
0.003927 -0.006066 0.002591 -1013.77 5.56 19.87 -448.26 -100.56 -28.87 0.0000 -88.7524 -110.3139
0.004190 -0.005490 0.002489 -1013.50 5.52 20.75 -447.53 -99.76 -23.74 0.0000 -88.7471 -110.3357
0.004282 -0.005694 0.002246 -1013.79 4.84 20.98 -446.08 -100.39 -29.51 0.0000 -88.7510 -110.3257
0.004282 -0.005694 0.002246 -1013.79 4.84 20.98 -446.08 -100.39 -29.51 0.0000 -88.7510 -110.3257
0.004767 -0.006169 0.001254 -1014.01 4.80 21.69 -446.81 -94.48 -23.83 0.0000 -88.7333 -110.3468
0.004506 -0.006094 0.000666 -1014.05 5.26 22.07 -447.53 -96.03 -26.02 0.0000 -88.7440 -110.3531
0.004506 -0.006094 0.000666 -1014.05 5.26 22.07 -447.53 -96.03 -26.02 0.0000 -88.7440 -110.3531
0.004677 -0.005865 0.000387 -1013.76 5.29 21.72 -448.26 -95.33 -26.07 0.0000 -88.7392 -110.3397
0.004965 -0.005886 0.000073 -1013.95 5.08 22.06 -448.26 -95.33 -26.07 0.0000 -88.7434 -110.3564
0.005009 -0.006150 0.000278 -1013.83 4.74 21.93 -446.08 -102.63 -23.60 0.0000 -88.7385 -110.3233
0.005719 -0.006903 -0.000028 -1013.85 5.10 22.13 -447.53 -89.31 -25.45 0.0000 -88.7265 -110.3436
0.005798 -0.006905 0.000408 -1014.39 5.25 22.02 -443.16 -98.69 -28.68 0.0000 -88.7432 -110.3229
0.005676 -0.006156 0.001145 -1014.61 5.45 21.36 -448.26 -96.83 -24.57 0.0000 -88.7416 -110.3200
0.005676 -0.006156 0.001145 -1014.61 5.45 21.36 -448.26 -96.83 -24.57 0.0000 -88.7416 -110.3200
0.005465 -0.005726 0.001578 -1014.36 5.55 21.82 -443.16 -97.19 -25.78 0.0000 -88.7387 -110.3299
0.005351 -0.005700 0.002248 -1014.11 5.61 21.93 -446.08 -95.92 -25.22 0.0000 -88.7389 -110.3150
0.005119 -0.005966 0.002280 -1014.40 5.42 21.57 -440.98 -100.76 -24.86 0.0000 -88.7443 -110.2957
0.005119 -0.005966 0.002280 -1014.40 5.42 21.57 -440.98 -100.76 -24.86 0.0000 -88.7443 -110.2957
0.004722 -0.005684 0.002583 -1015.03 5.14 21.07 -443.89 -92.02 -28.87 0.0000 -88.7538 -110.3070
0.004706 -0.005077 0.002787 -1015.92 5.30 20.58 -446.81 -98.96 -27.38 0.0000 -88.7642 -110.2912
0.004926 -0.004083 0.002761 -1016.37 5.49 20.75 -445.35 -98.10 -30.99 0.0000 -88.7642 -110.3293
0.005092 -0.003891 0.002589 -1016.58 5.47 20.96 -444.62 -94.32 -28.12 0.0000 -88.7700 -110.3274
0.005092 -0.003891 0.002589 -1016.58 5.47 20.96 -444.62 -94.32 -28.12 0.0000 -88.7700 -110.3274
0.005881 -0.004148 0.002812 -1016.93 5.31 20.89 -448.99 -100.61 -24.52 0.0000 -88.7652 -110.3131
0.005666 -0.004160 0.002949 -1016.85 5.41 21.09 -448.99 -94.64 -23.93 0.0000 -88.7674 -110.3024
0.005639 -0.004367 0.003206 -1016.05 5.32 20.78 -448.99 -94.64 -23.93 0.0000 -88.7717 -110.2801
0.005478 -0.004263 0.003579 -1015.87 5.25 20.77 -444.62 -103.27 -24.25 0.0000 -88.7708 -110.2643
0.005478 -0.004263 0.003579 -1015.87 5.25 20.77 -444.62 -103.27 -24.25 0.0000 -88.7708 -110.2643
0.005410 -0.004408 0.003225 -1015.59 5.45 20.66 -452.63 -99.39 -21.06 0.0000 -88.7751 -110.2131
0.005702 -0.004338 0.003098 -1015.10 5.68 20.69 -447.53 -93.79 -29.00 0.0000 -88.7725 -110.2382
0.006294 -0.004260 0.002912 -1014.69 5.72 20.66 -448.26 -101.30 -25.93 0.0000 -88.7792 -110.2109
0.006346 -0.004469 0.002460 -1014.97 5.93 20.70 -449.72 -96.19 -26.85 0.0000 -88.7747 -110.2180
0.006346 -0.004469 0.002460 -1014.97 5.93 20.70 -449.72 -96.19 -26.85 0.0000 -88.7747 -110.2180
0.007101 -0.004733 0.002164 -1015.61 6.07 21.18 -446.81 -98.21 -31.79 0.0000 -88.7690 -110.2466
0.007343 -0.004970 0.002785 -1016.07 5.81 21.11 -446.81 -97.46 -33.27 0.0000 -88.7725 -110.2722
0.007371 -0.004839 0.002572 -1016.53 5.66 21.19 -446.08 -98.90 -29.54 0.0000 -88.7722 -110.2916
0.007003 -0.004856 0.003222 -1016.37 5.81 21.61 -448.99 -98.37 -30.42 0.0000 -88.7646 -110.3189
0.007003 -0.004856 0.003222 -1016.37 5.81 21.61 -448.99 -98.37 -30.42 0.0000 -88.7646 -110.3189
0.007327 -0.004696 0.003687 -1016.49 5.34 22.04 -449.72 -100.66 -27.48 0.0000 -88.7642 -110.3303
0.007219 -0.004826 0.003655 -1016.57 4.89 22.34 -446.08 -100.39 -31.70 0.0000 -88.7611 -110.3608
0.006648 -0.004778 0.004096 -1016.17 5.30 22.09 -446.81 -100.45 -30.27 0.0000 -88.7633 -110.3615
0.006741 -0.004010 0.004131 -1016.11 5.84 21.51 -451.17 -98.53 -31.99 0.0000 -88.7754 -110.3660
0.006011 -0.003703 0.003993 -1016.06 5.94 22.11 -451.17 -98.53 -31.99 0.0000 -88.7649 -110.4250
0.006011 -0.003703 0.003993 -1016.06 5.94 22.11 -451.17 -98.53 -31.99 0.0000 -88.7649 -110.4250
0.005836 -0.004142 0.004057 -1015.59 5.73 22.52 -449.72 -97.68 -29.01 0.0000 -88.7614 -110.4405
0.005103 -0.004191 0.003130 -1015.06 5.79 22.45 -445.35 -104.82 -32.29 0.0000 -88.7642 -110.4581
0.005103 -0.004191 0.003130 -1015.06 5.79 22.45 -445.35 -104.82 -32.29 0.0000 -88.7642 -110.4581
0.005949 -0.004027 0.002769 -1015.19 6.07 22.42 -445.35 -98.10 -26.60 0.0000 -88.7646 -110.4455
0.006457 -0.004461 0.002741 -1015.70 5.95 22.42 -448.26 -104.29 -28.05 0.0000 -88.7620 -110.4386
0.006736 -0.004668 0.001955 -1015.75 6.06 21.84 -445.35 -99.59 -28.76 0.0000 -88.7696 -110.4222
0.006669 -0.005099 0.001883 -1015.53 5.67 21.80 -443.89 -98.74 -24.32 0.0000 -88.7668 -110.4141
0.007528 -0.005346 0.001662 -1015.46 6.00 22.11 -447.53 -91.55 -27.59 0.0000 -88.7603 -110.4264
0.007528 -0.005346 0.001662 -1015.46 6.00 22.11 -447.53 -91.55 -27.59 0.0000 -88.7603 -110.4264
0.007194 -0.004777 0.002024 -1015.58 6.44 22.21 -443.16 -100.18 -23.52 0.0000 -88.7620 -110.4023
0.007348 -0.004396 0.002237 -1015.73 6.97 22.31 -447.53 -95.28 -28.96 0.0000 -88.7608 -110.4135
0.006739 -0.003848 0.002085 -1015.95 7.66 21.54 -443.16 -100.18 -24.98 0.0000 -88.7352 -110.3574
0.006151 -0.004664 0.002229 -1015.73 7.81 20.98 -450.45 -99.23 -33.40 0.0000 -88.7703 -110.3932
0.006773 -0.005846 0.002615 -1014.86 7.35 20.54 -452.63 -100.14 -28.36 0.0000 -88.7681 -110.3820
0.006773 -0.005846 0.002615 -1014.86 7.35 20.54 -452.63 -100.14 -28.36 0.0000 -88.7681 -110.3820
0.005857 -0.006126 0.003089 -1013.84 7.70 20.31 -447.53 -101.25 -25.90 0.0000 -88.7661 -110.3633
0.006625 -0.005668 0.003080 -1013.24 7.63 21.53 -447.53 -101.25 -25.90 0.0000 -88.7543 -110.3766
0.005727 -0.005106 0.002935 -1012.74 7.67 21.78 -446.08 -101.89 -31.67 0.0000 -88.7562 -110.3986
0.005727 -0.005106 0.002935 -1012.74 7.67 21.78 -446.08 -101.89 -31.67 0.0000 -88.7562 -110.3986
0.006404 -0.005429 0.002334 -1012.38 7.39 21.85 -448.99 -99.86 -31.12 0.0000 -88.7551 -110.4146
0.006209 -0.005000 0.001780 -1014.29 7.09 22.93 -447.53 -104.98 -30.93 0.0000 -88.7473 -110.4497
0.006111 -0.003936 0.002093 -1014.63 7.36 22.11 -443.89 -106.95 -30.71 0.0000 -88.7628 -110.4270
0.005666 -0.004007 0.002034 -1015.34 7.46 21.54 -447.53 -99.76 -28.86 0.0000 -88.7677 -110.4215
0.005666 -0.004007 0.002034 -1015.34 7.46 21.54 -447.53 -99.76 -28.86 0.0000 -88.7677 -110.4215
0.006272 -0.003972 0.002107 -1014.95 7.45 21.77 -444.62 -95.81 -28.08 0.0000 -88.7655 -110.4310
0.005889 -0.004177 0.002493 -1015.45 7.15 21.76 -447.53 -101.99 -31.73 0.0000 -88.7646 -110.4502
0.005960 -0.004541 0.002049 -1016.07 6.59 22.19 -448.99 -101.36 -26.69 0.0000 -88.7606 -110.4550
0.005960 -0.004541 0.002049 -1016.07 6.59 22.19 -448.99 -101.36 -26.69 0.0000 -88.7606 -110.4550
0.005887 -0.004293 0.001875 -1015.40 6.93 22.04 -448.99 -99.86 -33.32 0.0000 -88.7633 -110.4768
0.005581 -0.004878 0.001763 -1015.21 6.48 22.36 -444.62 -92.82 -25.22 0.0000 -88.7571 -110.4904
0.005195 -0.004848 0.002145 -1015.60 6.28 22.38 -443.89 -90.53 -31.83 0.0000 -88.7567 -110.5384
0.005215 -0.004702 0.001868 -1014.85 6.54 22.77 -448.99 -101.36 -30.35 0.0000 -88.7523 -110.5551
0.005215 -0.004702 0.001868 -1014.85 6.54 22.77 -448.99 -101.36 -30.35 0.0000 -88.7523 -110.5551
0.004596 -0.004451 0.001942 -1015.08 5.69 23.02 -448.99 -101.36 -30.35 0.0000 -88.7537 -110.5861
0.004493 -0.004200 0.002569 -1015.38 5.94 22.87 -446.81 -101.36 -30.35 0.0000 -88.7545 -110.5950
0.004972 -0.004224 0.001511 -1015.66 6.22 22.85 -442.44 -95.23 -25.27 0.0000 -88.7551 -110.5846
0.005178 -0.003665 0.001991 -1015.37 6.93 23.15 -449.72 -98.64 -31.57 0.0000 -88.7510 -110.6080
0.005533 -0.003674 0.001939 -1015.54 6.89 22.70 -454.82 -101.04 -28.83 0.0000 -88.7562 -110.5890
0.005533 -0.003674 0.001939 -1015.54 6.89 22.70 -454.82 -101.04 -28.83 0.0000 -88.7562 -110.5890
0.004936 -0.003827 0.002508 -1015.62 6.95 22.37 -446.81 -95.97 -32.10 0.0000 -88.7579 -110.6063
0.005592 -0.004099 0.003124 -1015.44 6.51 22.91 -448.26 -102.05 -28.84 0.0000 -88.7499 -110.6411
0.005753 -0.004241 0.003575 -1016.01 6.98 22.87 -448.26 -105.03 -24.38 0.0000 -88.7460 -110.6412
0.006238 -0.004567 0.003881 -1016.02 7.74 22.34 -446.81 -97.46 -26.68 0.0000 -88.7451 -110.5831
0.005853 -0.004520 0.003572 -1015.43 7.13 22.92 -447.53 -99.01 -31.80 0.0000 -88.7392 -110.6066
0.005853 -0.004520 0.003572 -1015.43 7.13 22.92 -447.53 -99.01 -31.80 0.0000 -88.7392 -110.6066
0.006144 -0.004302 0.003610 -1015.64 6.29 22.76 -446.81 -100.45 -27.34 0.0000 -88.7441 -110.6329
0.006049 -0.004072 0.003280 -1015.95 6.20 22.50 -444.62 -98.79 -30.21 0.0000 -88.7494 -110.6237
0.005643 -0.003816 0.003727 -1015.99 6.45 22.20 -443.16 -100.92 -24.96 0.0000 -88.7526 -110.6300
0.005710 -0.003820 0.003378 -1015.64 6.54 22.43 -443.16 -100.92 -24.96 0.0000 -88.7529 -110.6135
0.005710 -0.003820 0.003378 -1015.64 6.54 22.43 -443.16 -100.92 -24.96 0.0000 -88.7529 -110.6135
0.005739 -0.003950 0.002962 -1015.47 6.98 23.18 -442.44 -98.63 -24.98 0.0000 -88.7432 -110.6072
0.005878 -0.003993 0.003174 -1015.34 7.22 23.97 -444.62 -94.32 -30.31 0.0000 -88.7320 -110.6151
0.005878 -0.003993 0.003174 -1015.34 7.22 23.97 -444.62 -94.32 -30.31 0.0000 -88.7320 -110.6151
0.005750 -0.005031 0.003309 -1016.95 6.63 22.71 -443.89 -96.50 -24.37 0.0000 -88.7353 -110.6093
0.005592 -0.005509 0.003131 -1016.88 6.49 22.34 -440.25 -101.45 -27.01 0.0000 -88.7359 -110.5886
0.005592 -0.005509 0.003131 -1016.88 6.49 22.34 -440.25 -101.45 -27.01 0.0000 -88.7359 -110.5886
0.005592 -0.005509 0.003131 -1016.88 6.49 22.34 -440.25 -101.45 -27.01 0.0000 -88.7359 -110.5886
0.006098 -0.006900 0.003076 -1014.98 5.68 22.23 -443.16 -100.18 -27.91 0.0000 -88.7299 -110.5925
0.006098 -0.006900 0.003076 -1014.98 5.68 22.23 -443.16 -100.18 -27.91 0.0000 -88.7299 -110.5925
0.005949 -0.006791 0.002952 -1015.17 5.31 22.38 -451.17 -102.27 -26.78 0.0000 -88.7245 -110.5967
0.005445 -0.006880 0.002432 -1015.24 5.60 22.43 -442.44 -101.62 -22.72 0.0000 -88.7280 -110.5959
0.004576 -0.007190 0.002298 -1015.23 5.73 21.65 -446.08 -101.14 -30.22 0.0000 -88.7345 -110.5513
0.004576 -0.007190 0.002298 -1015.23 5.73 21.65 -446.08 -101.14 -30.22 0.0000 -88.7345 -110.5513
0.004304 -0.007113 0.002405 -1015.32 5.70 21.26 -446.81 -103.43 -23.61 0.0000 -88.7299 -110.5239
0.004118 -0.006748 0.002434 -1015.58 6.09 21.62 -443.16 -102.42 -32.98 0.0000 -88.7317 -110.5521
0.003743 -0.006502 0.002515 -1015.45 5.95 22.02 -443.89 -96.50 -31.69 0.0000 -88.7191 -110.6062
0.004165 -0.006212 0.002267 -1015.14 6.22 22.95 -443.89 -96.50 -31.69 0.0000 -88.7176 -110.6291
0.004975 -0.006062 0.002111 -1014.52 6.41 23.12 -448.99 -103.60 -31.03 0.0000 -88.7137 -110.6409
0.004975 -0.006062 0.002111 -1014.52 6.41 23.12 -448.99 -103.60 -31.03 0.0000 -88.7137 -110.6409
0.005726 -0.006002 0.002171 -1014.51 6.48 22.89 -439.52 -102.15 -29.15 0.0000 -88.7222 -110.6131
0.005436 -0.005731 0.002046 -1014.95 6.84 22.04 -445.35 -106.31 -27.14 0.0000 -88.7293 -110.5858
0.004501 -0.005356 0.001989 -1015.35 7.02 21.92 -444.62 -99.54 -28.72 0.0000 -88.7271 -110.6082
0.004570 -0.005310 0.001439 -1014.97 6.80 22.27 -448.26 -103.54 -30.27 0.0000 -88.7259 -110.6146
0.004570 -0.005310 0.001439 -1014.97 6.80 22.27 -448.26 -103.54 -30.27 0.0000 -88.7259 -110.6146
0.004895 -0.004962 0.001395 -1014.32 6.75 22.62 -452.63 -100.88 -29.07 0.0000 -88.7234 -110.6299
0.004521 -0.004839 0.001259 -1013.80 6.50 22.71 -444.62 -98.79 -25.82 0.0000 -88.7280 -110.6224
0.003986 -0.005065 0.000843 -1013.72 6.34 23.03 -444.62 -102.52 -27.92 0.0000 -88.7150 -110.6436
0.004072 -0.005339 0.000807 -1013.62 6.85 23.26 -448.99 -104.34 -31.01 0.0000 -88.7159 -110.6292
0.004072 -0.005339 0.000807 -1013.62 6.85 23.26 -448.99 -104.34 -31.01 0.0000 -88.7159 -110.6292
0.004148 -0.005347 0.000733 -1013.35 7.20 22.51 -444.62 -99.54 -31.65 0.0000 -88.7253 -110.6312
0.004515 -0.005466 0.001219 -1013.85 6.68 22.49 -443.89 -102.47 -30.82 0.0000 -88.7170 -110.6605
0.004367 -0.005300 0.001798 -1013.76 6.31 22.96 -445.35 -102.58 -33.08 0.0000 -88.7153 -110.6912
0.004132 -0.005046 0.001749 -1013.73 6.07 22.89 -444.62 -104.02 -30.81 0.0000 -88.7216 -110.6960
0.004132 -0.005046 0.001749 -1013.73 6.07 22.89 -444.62 -104.02 -30.81 0.0000 -88.7216 -110.6960
0.003617 -0.004897 0.002100 -1014.15 6.23 22.99 -444.62 -104.02 -30.81 0.0000 -88.7140 -110.7133
0.003480 -0.004926 0.002907 -1013.42 6.42 23.37 -448.26 -103.54 -31.00 0.0000 -88.7073 -110.7325
0.003908 -0.004860 0.003715 -1012.82 6.49 23.61 -451.17 -103.76 -31.13 0.0000 -88.7028 -110.7432
0.003895 -0.005066 0.003644 -1012.72 6.78 23.79 -443.89 -102.47 -34.48 0.0000 -88.6967 -110.7754
0.003698 -0.005233 0.003774 -1012.79 6.58 24.19 -448.99 -105.09 -28.80 0.0000 -88.6898 -110.7913
0.003698 -0.005233 0.003774 -1012.79 6.58 24.19 -448.99 -105.09 -28.80 0.0000 -88.6898 -110.7913
0.003886 -0.004777 0.003636 -1012.65 6.38 23.84 -444.62 -104.02 -36.67 0.0000 -88.7015 -110.8094
0.003526 -0.004804 0.003566 -1012.47 6.31 23.09 -448.26 -102.80 -24.43 0.0000 -88.7062 -110.7755
0.003526 -0.004804 0.003566 -1012.47 6.31 23.09 -448.26 -102.80 -24.43 0.0000 -88.7062 -110.7755
0.004132 -0.004306 0.003691 -1012.61 6.80 22.44 -442.44 -98.63 -23.52 0.0000 -88.7137 -110.7264
0.003745 -0.004274 0.003303 -1012.64 6.52 22.43 -451.90 -101.57 -29.75 0.0000 -88.7132 -110.7513
0.002989 -0.003876 0.003394 -1013.02 6.56 21.87 -446.08 -102.63 -26.53 0.0000 -88.7247 -110.7177
0.003458 -0.003836 0.002693 -1013.15 6.58 21.62 -445.35 -95.12 -25.21 0.0000 -88.7265 -110.7082
0.003545 -0.003924 0.003038 -1012.85 6.60 20.74 -446.81 -101.19 -30.98 0.0000 -88.7389 -110.6889
0.003545 -0.003924 0.003038 -1012.85 6.60 20.74 -446.81 -101.19 -30.98 0.0000 -88.7389 -110.6889
0.003406 -0.004101 0.003155 -1012.86 6.23 20.53 -448.99 -100.61 -30.37 0.0000 -88.7390 -110.7064
0.004174 -0.004379 0.003585 -1013.21 6.04 20.92 -449.72 -103.65 -26.67 0.0000 -88.7331 -110.6942
0.003670 -0.004245 0.003425 -1013.12 5.90 20.93 -449.72 -103.65 -26.67 0.0000 -88.7387 -110.6803
0.003435 -0.004768 0.003614 -1013.00 5.97 21.01 -443.16 -97.19 -25.78 0.0000 -88.7327 -110.6742
0.003177 -0.005668 0.002984 -1013.31 6.10 20.55 -445.35 -100.34 -26.55 0.0000 -88.7351 -110.6482
0.003177 -0.005668 0.002984 -1013.31 6.10 20.55 -445.35 -100.34 -26.55 0.0000 -88.7351 -110.6482
0.003802 -0.005478 0.003465 -1013.68 6.44 20.79 -448.26 -102.05 -30.30 0.0000 -88.7307 -110.6552
0.004020 -0.006022 0.003586 -1014.42 5.79 21.24 -448.99 -98.37 -23.84 0.0000 -88.7254 -110.6498
0.004279 -0.005742 0.003515 -1015.08 5.68 21.57 -446.81 -96.72 -25.97 0.0000 -88.7250 -110.6480
0.004632 -0.005628 0.003335 -1014.56 5.18 21.77 -447.53 -96.03 -28.95 0.0000 -88.7262 -110.6683
0.004632 -0.005628 0.003335 -1014.56 5.18 21.77 -447.53 -96.03 -28.95 0.0000 -88.7262 -110.6683
0.003595 -0.005869 0.003156 -1015.22 5.42 22.25 -448.26 -96.83 -30.43 0.0000 -88.7181 -110.7035
0.004208 -0.005790 0.003426 -1015.12 5.56 21.71 -451.17 -106.00 -31.81 0.0000 -88.7257 -110.6895
0.004208 -0.005790 0.003426 -1015.12 5.56 21.71 -451.17 -106.00 -31.81 0.0000 -88.7257 -110.6895
0.006220 -0.006836 0.003223 -1014.92 4.48 21.41 -445.35 -100.34 -30.20 0.0000 -88.7250 -110.6866
0.006220 -0.006836 0.003223 -1014.92 4.48 21.41 -445.35 -100.34 -30.20 0.0000 -88.7250 -110.6866
0.004975 -0.006896 0.003414 -1015.83 4.65 22.02 -446.08 -100.39 -33.16 0.0000 -88.7158 -110.7339
0.003774 -0.006446 0.002439 -1016.37 4.55 21.28 -450.45 -102.96 -31.12 0.0000 -88.7299 -110.7318
0.003774 -0.006446 0.002439 -1016.37 4.55 21.28 -450.45 -102.96 -31.12 0.0000 -88.7299 -110.7318
0.004399 -0.006638 0.001295 -1016.18 4.52 21.13 -447.53 -105.73 -29.45 0.0000 -88.7323 -110.7205
0.004413 -0.006921 0.001278 -1015.05 4.41 21.32 -447.53 -105.73 -29.45 0.0000 -88.7290 -110.7218
0.004628 -0.006703 0.002145 -1014.65 4.57 22.40 -447.53 -100.50 -25.18 0.0000 -88.7155 -110.7284
0.003340 -0.006414 0.002649 -1013.92 3.90 21.79 -448.26 -95.33 -28.27 0.0000 -88.7265 -110.7380
0.004013 -0.006490 0.001973 -1014.23 4.00 21.08 -447.53 -103.49 -27.31 0.0000 -88.7345 -110.7049
0.004013 -0.006490 0.001973 -1014.23 4.00 21.08 -447.53 -103.49 -27.31 0.0000 -88.7345 -110.7049
0.004670 -0.006705 0.002187 -1014.60 5.44 21.63 -446.08 -103.38 -24.31 0.0000 -88.7222 -110.6765
0.006198 -0.007114 0.002855 -1014.95 4.87 21.73 -447.53 -96.77 -26.73 0.0000 -88.7185 -110.6692
0.006062 -0.006391 0.002133 -1015.32 5.30 21.04 -444.62 -101.78 -28.67 0.0000 -88.7305 -110.6477
0.006145 -0.005781 0.002850 -1015.07 5.12 20.97 -445.35 -98.85 -30.97 0.0000 -88.7354 -110.6611
0.006145 -0.005781 0.002850 -1015.07 5.12 20.97 -445.35 -98.85 -30.97 0.0000 -88.7354 -110.6611
0.005533 -0.006341 0.001838 -1014.39 5.32 21.39 -448.99 -96.13 -26.09 0.0000 -88.7293 -110.6674
0.004712 -0.007147 0.001843 -1013.71 5.25 22.54 -451.90 -98.59 -27.63 0.0000 -88.7109 -110.7025
0.004540 -0.007055 0.002178 -1012.56 5.77 22.46 -447.17 -101.25 -25.90 0.0000 -88.7082 -110.6842
0.004256 -0.006693 0.002506 -1012.90 6.65 23.24 -443.16 -104.50 -25.99 0.0000 -88.6991 -110.6777
0.004256 -0.006693 0.002506 -1012.90 6.65 23.24 -443.16 -104.50 -25.99 0.0000 -88.6991 -110.6777
0.003956 -0.007041 0.002251 -1012.44 6.82 23.86 -439.52 -101.94 -27.87 0.0000 -88.6845 -110.6921
0.003979 -0.005794 0.001995 -1012.73 6.87 23.18 -439.52 -93.94 -23.49 0.0000 -88.7005 -110.6627
0.004425 -0.005978 0.002444 -1012.66 6.96 23.13 -446.08 -101.89 -23.49 0.0000 -88.6973 -110.6452
0.004425 -0.005978 0.002444 -1012.66 6.96 23.13 -446.08 -101.89 -23.49 0.0000 -88.6973 -110.6452
0.005067 -0.006297 0.002015 -1013.01 7.35 23.23 -448.26 -103.54 -28.80 0.0000 -88.6915 -110.6250
0.005475 -0.006438 0.002104 -1012.94 6.86 23.00 -444.62 -100.29 -28.71 0.0000 -88.6928 -110.6184
0.005193 -0.006627 0.001673 -1012.86 7.06 22.43 -445.35 -105.56 -24.96 0.0000 -88.6960 -110.6090
0.005239 -0.006412 0.000990 -1012.48 7.53 22.26 -446.81 -101.19 -28.79 0.0000 -88.6967 -110.5721
0.004665 -0.006095 0.000920 -1012.35 7.82 21.92 -443.89 -100.23 -27.94 0.0000 -88.7028 -110.5647
0.004665 -0.006095 0.000920 -1012.35 7.82 21.92 -443.89 -100.23 -27.94 0.0000 -88.7028 -110.5647
0.005421 -0.005727 0.000978 -1011.98 8.03 22.77 -450.45 -103.70 -28.17 0.0000 -88.6927 -110.5763
0.005910 -0.005428 0.001292 -1012.06 7.86 22.83 -448.99 -96.88 -31.19 0.0000 -88.6961 -110.5651
0.006277 -0.005242 0.001409 -1012.61 8.33 23.78 -448.99 -102.10 -26.68 0.0000 -88.6834 -110.6029
0.006676 -0.005192 0.001772 -1012.25 8.18 24.37 -446.81 -99.70 -27.36 0.0000 -88.6768 -110.6025
0.006567 -0.005260 0.002099 -1012.31 8.10 24.75 -447.53 -101.99 -29.54 0.0000 -88.6653 -110.6179
0.006567 -0.005260 0.002099 -1012.31 8.10 24.75 -447.53 -101.99 -29.54 0.0000 -88.6653 -110.6179
0.006105 -0.005255 0.001975 -1012.69 7.46 24.40 -446.08 -101.14 -26.56 0.0000 -88.6725 -110.6112
0.005665 -0.005489 0.001280 -1012.79 6.48 25.32 -448.99 -96.13 -31.94 0.0000 -88.6644 -110.6470
0.006273 -0.006032 0.001341 -1012.54 6.69 25.55 -448.99 -96.13 -31.94 0.0000 -88.6577 -110.6834
0.006438 -0.006488 0.001688 -1012.11 6.97 25.62 -448.26 -99.06 -29.64 0.0000 -88.6443 -110.7094
0.006438 -0.006488 0.001688 -1012.11 6.97 25.62 -448.26 -99.06 -29.64 0.0000 -88.6443 -110.7094
0.005754 -0.005792 0.002166 -1012.53 7.05 25.53 -445.35 -103.33 -30.13 0.0000 -88.6529 -110.7327
0.005137 -0.005751 0.002220 -1013.01 6.69 24.82 -446.08 -95.17 -30.36 0.0000 -88.6488 -110.7268
0.004806 -0.005816 0.002173 -1013.36 6.75 24.81 -451.90 -101.57 -26.83 0.0000 -88.6469 -110.7500
0.004985 -0.005264 0.002136 -1013.02 7.02 25.03 -451.90 -97.84 -23.99 0.0000 -88.6440 -110.7484
0.004985 -0.005264 0.002136 -1013.02 7.02 25.03 -451.90 -97.84 -23.99 0.0000 -88.6440 -110.7484
0.005509 -0.004935 0.002413 -1012.65 7.01 25.23 -443.89 -103.96 -26.39 0.0000 -88.6445 -110.7196
0.005750 -0.005154 0.002379 -1013.30 6.95 24.59 -450.45 -96.24 -23.96 0.0000 -88.6527 -110.6888
0.005750 -0.005154 0.002379 -1013.30 6.95 24.59 -450.45 -96.24 -23.96 0.0000 -88.6527 -110.6888
0.005425 -0.005117 0.001975 -1013.77 6.78 23.81 -443.16 -97.94 -30.16 0.0000 -88.6588 -110.6946
0.005651 -0.004902 0.001865 -1013.33 6.89 23.70 -449.72 -96.93 -25.37 0.0000 -88.6530 -110.6956
0.006100 -0.005066 0.002054 -1013.01 6.89 24.18 -448.26 -101.30 -25.20 0.0000 -88.6452 -110.6872
0.006225 -0.005271 0.002355 -1013.22 6.79 24.45 -447.53 -105.73 -27.25 0.0000 -88.6420 -110.6792
0.005588 -0.005665 0.002267 -1013.02 7.03 24.61 -441.71 -103.05 -27.77 0.0000 -88.6325 -110.6789
0.005588 -0.005665 0.002267 -1013.02 7.03 24.61 -441.71 -103.05 -27.77 0.0000 -88.6325 -110.6789
0.004806 -0.005891 0.002319 -1013.17 7.17 24.31 -441.71 -103.05 -27.77 0.0000 -88.6417 -110.6631
0.004680 -0.005793 0.002401 -1013.11 7.00 23.97 -441.71 -103.05 -27.77 0.0000 -88.6363 -110.6600
0.004974 -0.005672 0.002322 -1013.03 6.95 23.86 -446.81 -101.94 -26.58 0.0000 -88.6439 -110.6383
0.005313 -0.005251 0.001568 -1013.37 6.93 23.24 -443.89 -99.49 -27.23 0.0000 -88.6551 -110.6135
0.005313 -0.005251 0.001568 -1013.37 6.93 23.24 -443.89 -99.49 -27.23 0.0000 -88.6551 -110.6135
0.005228 -0.005286 0.001202 -1013.80 7.30 22.87 -448.26 -102.05 -27.38 0.0000 -88.6516 -110.6041
0.005809 -0.004626 0.000972 -1013.77 7.13 23.07 -447.53 -99.76 -29.59 0.0000 -88.6590 -110.6207
0.005948 -0.003751 0.001016 -1013.71 6.87 23.34 -450.45 -100.72 -26.05 0.0000 -88.6606 -110.6143
0.005629 -0.003250 0.001679 -1014.10 6.49 23.09 -443.16 -101.67 -28.61 0.0000 -88.6720 -110.6086
0.005629 -0.003250 0.001679 -1014.10 6.49 23.09 -443.16 -101.67 -28.61 0.0000 -88.6720 -110.6086
0.005546 -0.003561 0.001654 -1014.14 6.28 22.76 -443.89 -102.47 -30.08 0.0000 -88.6700 -110.6091
0.005464 -0.004109 0.001761 -1014.29 6.53 22.47 -446.81 -101.94 -28.77 0.0000 -88.6703 -110.5972
0.005437 -0.004528 0.002058 -1014.54 7.09 22.02 -446.81 -101.19 -30.98 0.0000 -88.6707 -110.5910
0.005363 -0.005229 0.002005 -1014.57 7.33 22.03 -446.08 -103.38 -24.31 0.0000 -88.6629 -110.5717
0.005363 -0.005229 0.002005 -1014.57 7.33 22.03 -446.08 -103.38 -24.31 0.0000 -88.6629 -110.5717
0.005176 -0.005355 0.001996 -1014.09 7.05 22.30 -444.62 -106.26 -28.57 0.0000 -88.6631 -110.5706
0.004976 -0.005261 0.002226 -1014.29 6.57 22.05 -447.53 -101.99 -24.41 0.0000 -88.6709 -110.5378
0.004085 -0.006404 0.002429 -1015.02 6.49 21.80 -447.53 -101.99 -24.41 0.0000 -88.6600 -110.5186
0.003947 -0.007371 0.002491 -1015.51 5.97 22.01 -445.35 -98.85 -30.24 0.0000 -88.6545 -110.5472
0.003947 -0.007371 0.002491 -1015.51 5.97 22.01 -445.35 -98.85 -30.24 0.0000 -88.6545 -110.5472
0.004102 -0.008150 0.002345 -1015.12 5.45 21.72 -443.16 -97.94 -25.77 0.0000 -88.6571 -110.5244
0.004979 -0.008087 0.002315 -1014.44 5.21 21.06 -452.63 -97.15 -27.70 0.0000 -88.6665 -110.5047
0.005039 -0.007944 0.002967 -1013.68 5.36 20.99 -446.81 -101.19 -25.13 0.0000 -88.6621 -110.4894
0.005427 -0.007683 0.003522 -1012.80 5.23 21.30 -448.26 -99.06 -23.06 0.0000 -88.6612 -110.4694
0.005130 -0.007489 0.003095 -1012.90 5.09 21.94 -447.53 -105.73 -29.45 0.0000 -88.6562 -110.4860
0.005130 -0.007489 0.003095 -1012.90 5.09 21.94 -447.53 -105.73 -29.45 0.0000 -88.6562 -110.4860
0.005190 -0.007245 0.002280 -1013.08 5.36 22.46 -444.62 -102.52 -30.12 0.0000 -88.6535 -110.4967
0.005243 -0.007590 0.001107 -1013.18 5.03 22.85 -445.35 -99.59 -28.03 0.0000 -88.6497 -110.5125
0.005066 -0.007233 0.000528 -1013.88 4.91 22.64 -449.72 -102.90 -31.08 0.0000 -88.6583 -110.5155
0.005395 -0.006549 0.000727 -1014.91 5.46 23.09 -444.62 -101.03 -21.37 0.0000 -88.6523 -110.4879
0.005395 -0.006549 0.000727 -1014.91 5.46 23.09 -444.62 -101.03 -21.37 0.0000 -88.6523 -110.4879
0.005870 -0.006404 0.000939 -1014.50 5.90 23.08 -451.17 -100.77 -27.54 0.0000 -88.6533 -110.4735
0.005356 -0.006047 0.001313 -1013.86 6.08 22.52 -444.62 -100.29 -27.98 0.0000 -88.6615 -110.4618
0.005645 -0.006413 0.001685 -1014.67 6.04 22.46 -445.35 -95.86 -29.58 0.0000 -88.6568 -110.4784
0.005645 -0.006413 0.001685 -1014.67 6.04 22.46 -445.35 -95.86 -29.58 0.0000 -88.6568 -110.4784
0.005223 -0.006954 0.001716 -1014.21 6.67 22.86 -445.35 -95.86 -29.58 0.0000 -88.6452 -110.5024
0.005890 -0.006159 0.001588 -1013.85 6.38 23.15 -444.62 -98.05 -29.49 0.0000 -88.6501 -110.5201
0.006117 -0.005203 0.002198 -1013.66 6.21 23.30 -446.08 -100.39 -25.12 0.0000 -88.6539 -110.5070
0.005853 -0.005541 0.002199 -1013.17 6.03 23.57 -445.35 -98.85 -24.39 0.0000 -88.6481 -110.5021
0.006849 -0.006491 0.002131 -1013.28 6.19 23.85 -448.99 -102.10 -25.94 0.0000 -88.6371 -110.4865
0.006849 -0.006491 0.002131 -1013.28 6.19 23.85 -448.99 -102.10 -25.94 0.0000 -88.6371 -110.4865
0.005122 -0.007158 0.002721 -1015.03 6.16 23.77 -452.63 -102.37 -29.04 0.0000 -88.6325 -110.4994
0.005615 -0.007410 0.003311 -1015.45 6.33 24.14 -448.99 -101.36 -30.35 0.0000 -88.6228 -110.5166
0.006091 -0.006822 0.002622 -1015.62 6.95 23.89 -443.16 -98.69 -30.87 0.0000 -88.6274 -110.5187
0.006091 -0.006822 0.002622 -1015.62 6.95 23.89 -443.16 -98.69 -30.87 0.0000 -88.6274 -110.5187
0.006732 -0.006960 0.001922 -1014.77 7.13 23.21 -443.89 -100.98 -25.00 0.0000 -88.6334 -110.4791
0.006845 -0.006886 0.001630 -1014.20 7.16 23.42 -447.53 -102.74 -23.67 0.0000 -88.6294 -110.4576
0.006061 -0.007399 0.001261 -1014.55 7.25 23.45 -454.82 -101.04 -26.25 0.0000 -88.6251 -110.4523
0.006366 -0.007362 0.001633 -1015.54 7.54 23.98 -449.72 -99.92 -31.15 0.0000 -88.6165 -110.4778
0.006366 -0.007362 0.001633 -1015.54 7.54 23.98 -449.72 -99.92 -31.15 0.0000 -88.6165 -110.4778
0.006456 -0.007005 0.001035 -1015.71 6.61 23.98 -445.35 -105.56 -24.96 0.0000 -88.6223 -110.4592
0.007020 -0.007014 0.001070 -1015.84 6.82 24.47 -445.35 -99.59 -25.10 0.0000 -88.6141 -110.4523
0.006898 -0.006934 0.000756 -1015.17 5.74 23.39 -445.35 -99.59 -25.10 0.0000 -88.6290 -110.4215
0.006855 -0.007163 0.000649 -1014.34 5.96 23.63 -442.44 -100.12 -22.02 0.0000 -88.6226 -110.3950
0.005870 -0.006959 0.001477 -1014.94 6.48 24.56 -444.62 -99.54 -25.07 0.0000 -88.6101 -110.4092
0.005870 -0.006959 0.001477 -1014.94 6.48 24.56 -444.62 -99.54 -25.07 0.0000 -88.6101 -110.4092
0.006813 -0.007069 0.001012 -1014.31 6.29 25.43 -443.16 -100.18 -31.57 0.0000 -88.5995 -110.4443
0.006048 -0.006911 0.000722 -1014.41 6.97 25.01 -444.62 -106.26 -24.91 0.0000 -88.6020 -110.4137
0.006921 -0.007243 0.000701 -1014.83 7.00 25.04 -447.53 -101.25 -25.90 0.0000 -88.5965 -110.3982
0.006669 -0.007169 0.000895 -1014.74 6.92 24.32 -443.17 -100.92 -30.82 0.0000 -88.6030 -110.3985
0.006669 -0.007169 0.000895 -1014.74 6.92 24.32 -443.17 -100.92 -30.82 0.0000 -88.6030 -110.3985
0.005680 -0.007387 0.001088 -1014.54 6.81 23.97 -448.26 -101.56 -24.15 0.0000 -88.6035 -110.3792
0.005963 -0.007403 0.001278 -1014.80 7.41 24.87 -448.26 -102.05 -24.45 0.0000 -88.5900 -110.3734
0.005963 -0.007403 0.001278 -1014.80 7.41 24.87 -448.26 -102.05 -24.45 0.0000 -88.5900 -110.3734
0.005257 -0.006717 0.000009 -1015.43 6.47 23.47 -443.89 -99.49 -31.24 0.0000 -88.6096 -110.3757
0.004715 -0.006240 0.000787 -1014.68 5.93 22.88 -445.35 -101.83 -28.71 0.0000 -88.6200 -110.3556
0.004715 -0.006240 0.000787 -1014.68 5.93 22.88 -445.35 -101.83 -28.71 0.0000 -88.6200 -110.3556
0.004715 -0.006240 0.000787 -1014.68 5.93 22.88 -445.35 -101.83 -28.71 0.0000 -88.6200 -110.3556
0.004581 -0.006463 0.000463 -1014.47 5.46 22.89 -448.26 -102.05 -30.30 0.0000 -88.6218 -110.3742
0.004581 -0.006463 0.000463 -1014.47 5.46 22.89 -448.26 -102.05 -30.30 0.0000 -88.6218 -110.3742
0.004592 -0.006383 0.000406 -1014.80 5.53 23.18 -448.26 -102.80 -23.70 0.0000 -88.6193 -110.3947
0.005165 -0.006315 0.000350 -1015.28 6.00 23.02 -444.62 -104.02 -24.23 0.0000 -88.6194 -110.3585
0.005439 -0.006391 -0.000314 -1015.11 5.84 22.37 -446.81 -104.93 -26.51 0.0000 -88.6270 -110.3162
0.005439 -0.006391 -0.000314 -1015.11 5.84 22.37 -446.81 -104.93 -26.51 0.0000 -88.6270 -110.3162
0.005180 -0.006464 -0.000018 -1014.73 5.46 21.70 -443.89 -102.47 -26.43 0.0000 -88.6380 -110.2867
0.004575 -0.007140 0.000049 -1015.04 5.69 21.32 -451.17 -102.27 -28.24 0.0000 -88.6380 -110.2655
0.004818 -0.007262 -0.000271 -1014.32 5.73 21.86 -445.35 -98.85 -26.58 0.0000 -88.6315 -110.2725
0.003934 -0.007454 -0.000292 -1013.81 5.49 21.66 -451.17 -102.27 -33.36 0.0000 -88.6335 -110.2710
0.003417 -0.007615 -0.000512 -1014.07 5.10 21.47 -447.53 -102.74 -25.13 0.0000 -88.6390 -110.2991
0.003417 -0.007615 -0.000512 -1014.07 5.10 21.47 -447.53 -102.74 -25.13 0.0000 -88.6390 -110.2991
0.003346 -0.007412 -0.000642 -1013.97 5.76 21.75 -450.45 -99.97 -25.33 0.0000 -88.6331 -110.2869
0.002963 -0.007105 -0.000313 -1013.43 6.07 21.16 -446.08 -101.14 -23.63 0.0000 -88.6426 -110.2564
0.002612 -0.006940 0.000221 -1013.07 6.66 21.31 -449.72 -100.66 -30.40 0.0000 -88.6449 -110.2264
0.002984 -0.006795 0.000786 -1012.81 7.06 22.10 -446.08 -99.65 -28.79 0.0000 -88.6314 -110.2575
0.003539 -0.006333 0.001266 -1013.01 7.43 21.92 -444.62 -100.29 -25.05 0.0000 -88.6463 -110.2583
0.003539 -0.006333 0.001266 -1013.01 7.43 21.92 -444.62 -100.29 -25.05 0.0000 -88.6463 -110.2583
0.003939 -0.006257 0.001364 -1013.61 7.28 21.34 -444.62 -100.29 -25.05 0.0000 -88.6371 -110.2135
0.004155 -0.006432 0.001280 -1013.36 7.53 21.93 -441.71 -100.07 -27.11 0.0000 -88.6343 -110.2094
0.004290 -0.006504 0.001554 -1013.39 7.74 22.60 -446.81 -98.96 -24.45 0.0000 -88.6158 -110.2191
0.004413 -0.006292 0.001476 -1013.52 8.20 23.80 -451.90 -99.33 -32.00 0.0000 -88.6145 -110.2556
0.004413 -0.006292 0.001476 -1013.52 8.20 23.80 -451.90 -99.33 -32.00 0.0000 -88.6145 -110.2556
0.004461 -0.006293 0.000746 -1013.83 8.25 24.21 -446.08 -101.89 -29.47 0.0000 -88.6079 -110.2669
0.004448 -0.006792 0.000562 -1014.01 8.34 24.29 -445.35 -96.61 -28.10 0.0000 -88.6034 -110.2747
0.004448 -0.006792 0.000562 -1014.01 8.34 24.29 -445.35 -96.61 -28.10 0.0000 -88.6034 -110.2747
0.005821 -0.006395 0.000267 -1013.92 8.71 24.25 -448.99 -105.83 -25.13 0.0000 -88.6067 -110.2313
0.006246 -0.006177 -0.000223 -1014.23 8.91 23.79 -441.71 -98.58 -20.56 0.0000 -88.6142 -110.1757
0.006246 -0.006177 -0.000223 -1014.23 8.91 23.79 -441.71 -98.58 -20.56 0.0000 -88.6142 -110.1757
0.006160 -0.006102 -0.000174 -1014.79 9.10 23.23 -445.35 -107.80 -22.71 0.0000 -88.6148 -110.1288
0.006068 -0.006022 0.000232 -1015.11 9.48 23.62 -441.71 -100.07 -30.04 0.0000 -88.5988 -110.1617
0.006068 -0.006022 0.000232 -1015.11 9.48 23.62 -441.71 -100.07 -30.04 0.0000 -88.5988 -110.1617
0.006018 -0.005865 0.000457 -1014.12 9.37 23.91 -449.72 -99.92 -28.96 0.0000 -88.6069 -110.1646
0.006018 -0.005865 0.000457 -1014.12 9.37 23.91 -449.72 -99.92 -28.96 0.0000 -88.6069 -110.1646
0.006058 -0.006077 0.001202 -1014.36 9.02 23.43 -448.26 -96.83 -26.03 0.0000 -88.6065 -110.1527
0.005543 -0.006302 0.000963 -1014.31 8.71 23.14 -448.26 -96.83 -26.03 0.0000 -88.6098 -110.1545
0.005543 -0.006302 0.000963 -1014.31 8.71 23.14 -448.26 -96.83 -26.03 0.0000 -88.6098 -110.1545
0.004743 -0.005681 0.001090 -1014.37 8.88 22.73 -444.62 -99.54 -27.26 0.0000 -88.6199 -110.1374
0.005122 -0.004978 0.001284 -1014.81 8.88 22.47 -446.81 -97.46 -25.22 0.0000 -88.6251 -110.1267
0.005452 -0.004326 0.001725 -1015.61 8.54 22.41 -448.26 -99.06 -26.71 0.0000 -88.6325 -110.1183
0.005861 -0.004115 0.002247 -1015.60 8.05 22.32 -445.35 -101.83 -25.05 0.0000 -88.6351 -110.1008
0.005861 -0.004115 0.002247 -1015.60 8.05 22.32 -445.35 -101.83 -25.05 0.0000 -88.6351 -110.1008
0.006173 -0.004407 0.002377 -1015.68 7.17 21.80 -448.99 -100.61 -25.98 0.0000 -88.6466 -110.0721
0.006777 -0.003998 0.001950 -1015.23 7.17 20.88 -443.16 -98.69 -25.02 0.0000 -88.6618 -110.0247
0.006216 -0.003806 0.002248 -1014.42 7.28 21.13 -444.62 -102.52 -22.80 0.0000 -88.6526 -110.0243
0.005716 -0.003476 0.002204 -1014.19 7.59 20.70 -445.35 -100.34 -22.15 0.0000 -88.6709 -109.9526
0.006083 -0.003344 0.002344 -1014.44 7.93 20.00 -446.81 -101.94 -28.04 0.0000 -88.6756 -109.9360
0.006083 -0.003344 0.002344 -1014.44 7.93 20.00 -446.81 -101.94 -28.04 0.0000 -88.6756 -109.9360
0.005361 -0.003360 0.001570 -1014.79 8.19 19.85 -443.89 -105.46 -26.36 0.0000 -88.6815 -109.9150
0.005319 -0.003200 0.000882 -1015.58 8.30 20.02 -443.89 -100.98 -28.66 0.0000 -88.6842 -109.9177
0.004925 -0.003442 -0.000054 -1015.20 8.18 19.98 -450.45 -98.48 -26.10 0.0000 -88.6909 -109.9065
0.004484 -0.004259 -0.000400 -1015.15 7.60 20.88 -450.45 -103.70 -25.98 0.0000 -88.6753 -109.9305
0.003823 -0.004597 -0.000454 -1015.72 7.09 21.53 -450.45 -103.70 -25.98 0.0000 -88.6759 -109.9267
0.003823 -0.004597 -0.000454 -1015.72 7.09 21.53 -450.45 -103.70 -25.98 0.0000 -88.6759 -109.9267
0.002774 -0.005009 -0.000502 -1015.76 7.20 21.52 -443.89 -100.98 -19.88 0.0000 -88.6744 -109.8857
0.002774 -0.005009 -0.000502 -1015.76 7.20 21.52 -443.89 -100.98 -19.88 0.0000 -88.6744 -109.8857
0.002646 -0.005471 0.001402 -1015.16 7.23 22.11 -441.71 -98.58 -27.88 0.0000 -88.6625 -109.8721
0.002646 -0.005471 0.001402 -1015.16 7.23 22.11 -441.71 -98.58 -27.88 0.0000 -88.6625 -109.8721
0.002726 -0.006027 0.001947 -1015.11 6.90 21.81 -446.81 -96.72 -25.24 0.0000 -88.6653 -109.8581
0.002968 -0.006909 0.001681 -1015.44 7.15 22.07 -444.62 -100.29 -24.32 0.0000 -88.6529 -109.8476
0.002386 -0.006657 0.001400 -1015.41 6.99 22.09 -448.99 -100.61 -28.91 0.0000 -88.6594 -109.8599
0.002386 -0.006657 0.001400 -1015.41 6.99 22.09 -448.99 -100.61 -28.91 0.0000 -88.6594 -109.8599
0.003216 -0.006334 0.001170 -1015.83 7.39 22.01 -445.35 -104.07 -27.92 0.0000 -88.6607 -109.8420
0.002221 -0.005849 0.000862 -1015.86 7.36 22.25 -443.16 -100.92 -22.77 0.0000 -88.6623 -109.8334
0.003292 -0.006225 0.002193 -1015.46 7.32 22.56 -451.90 -102.32 -26.08 0.0000 -88.6527 -109.8227
0.001949 -0.006991 0.002528 -1014.79 7.39 22.92 -445.35 -102.58 -28.69 0.0000 -88.6420 -109.8453
0.004056 -0.007093 0.001937 -1014.64 7.23 22.71 -444.62 -98.79 -27.28 0.0000 -88.6466 -109.8263
0.003176 -0.006991 0.001937 -1013.40 7.77 22.48 -440.98 -97.78 -27.13 0.0000 -88.6458 -109.8269
0.003176 -0.006991 0.001937 -1013.40 7.77 22.48 -440.98 -97.78 -27.13 0.0000 -88.6458 -109.8269
0.004739 -0.006443 0.002766 -1013.74 8.32 22.36 -440.98 -97.78 -27.13 0.0000 -88.6463 -109.8110
0.004179 -0.006813 0.002834 -1015.12 8.05 22.75 -440.98 -97.78 -27.13 0.0000 -88.6393 -109.8318
0.004179 -0.006813 0.002834 -1015.12 8.05 22.75 -440.98 -97.78 -27.13 0.0000 -88.6393 -109.8318
0.004416 -0.006183 0.002933 -1015.78 7.35 22.64 -443.16 -104.66 -23.41 0.0000 -88.6481 -109.8011
0.004533 -0.006365 0.002363 -1016.29 7.43 22.26 -446.81 -98.96 -22.99 0.0000 -88.6507 -109.7676
0.005336 -0.005751 0.002368 -1015.77 7.70 22.31 -443.89 -102.47 -27.16 0.0000 -88.6526 -109.7565
0.005250 -0.005412 0.002174 -1015.76 6.81 21.91 -448.26 -104.29 -23.66 0.0000 -88.6641 -109.7259
0.005250 -0.005412 0.002174 -1015.76 6.81 21.91 -448.26 -104.29 -23.66 0.0000 -88.6641 -109.7259
0.005595 -0.005223 0.002337 -1015.89 7.23 21.30 -448.26 -105.78 -22.16 0.0000 -88.6700 -109.6671
0.005270 -0.004829 0.002729 -1016.29 7.00 22.07 -443.16 -101.67 -27.14 0.0000 -88.6650 -109.6860
0.005453 -0.004870 0.003073 -1016.56 6.01 22.34 -446.81 -103.43 -27.27 0.0000 -88.6673 -109.6917
0.004579 -0.005956 0.002779 -1016.04 6.45 21.92 -448.26 -100.56 -23.02 0.0000 -88.6637 -109.6601
0.004579 -0.005956 0.002779 -1016.04 6.45 21.92 -448.26 -100.56 -23.02 0.0000 -88.6637 -109.6601
0.004586 -0.005547 0.001502 -1016.14 6.56 21.57 -444.62 -102.52 -21.34 0.0000 -88.6731 -109.6152
0.004923 -0.006085 0.001670 -1016.33 6.63 21.73 -446.81 -98.21 -23.74 0.0000 -88.6673 -109.6005
0.004947 -0.005753 0.002630 -1016.48 6.79 21.99 -440.98 -96.29 -27.17 0.0000 -88.6662 -109.6102
0.003992 -0.006958 0.001784 -1016.15 7.14 22.61 -444.62 -96.56 -23.67 0.0000 -88.6516 -109.6179
0.003992 -0.006958 0.001784 -1016.15 7.14 22.61 -444.62 -96.56 -23.67 0.0000 -88.6516 -109.6179
0.004193 -0.007106 0.002238 -1015.61 6.95 21.84 -444.62 -96.56 -23.67 0.0000 -88.6577 -109.5863
0.003892 -0.007063 0.001598 -1014.71 6.53 22.48 -441.71 -97.09 -22.79 0.0000 -88.6539 -109.5894
0.003339 -0.006805 0.002219 -1015.24 7.07 22.86 -443.89 -99.49 -27.96 0.0000 -88.6484 -109.6050
0.003456 -0.007094 0.002092 -1014.71 6.99 23.10 -447.72 -103.43 -21.42 0.0000 -88.6437 -109.5773
0.003456 -0.007094 0.002092 -1014.71 6.99 23.10 -447.72 -103.43 -21.42 0.0000 -88.6437 -109.5773
0.003803 -0.007221 0.001723 -1014.80 6.83 23.03 -441.71 -102.90 -25.96 0.0000 -88.6426 -109.5677
0.004569 -0.006262 0.002486 -1015.24 6.81 22.90 -443.89 -96.49 -22.81 0.0000 -88.6492 -109.5436
0.004612 -0.005826 0.003396 -1015.13 7.12 23.14 -443.89 -100.23 -20.68 0.0000 -88.6452 -109.5163
0.004373 -0.005349 0.003288 -1015.09 7.04 23.27 -448.26 -100.56 -25.75 0.0000 -88.6475 -109.5185
0.004373 -0.005349 0.003288 -1015.09 7.04 23.27 -448.26 -100.56 -25.75 0.0000 -88.6475 -109.5185
0.004899 -0.005394 0.002973 -1015.41 6.91 23.29 -446.81 -101.94 -26.58 0.0000 -88.6474 -109.5292
0.005431 -0.005981 0.002589 -1015.89 6.54 22.67 -444.62 -106.26 -24.91 0.0000 -88.6545 -109.5087
0.006038 -0.006821 0.002222 -1016.30 6.55 23.21 -447.53 -103.49 -25.84 0.0000 -88.6420 -109.4917
0.005252 -0.006914 0.001903 -1016.28 6.38 23.51 -446.08 -100.39 -28.04 0.0000 -88.6397 -109.4959
0.005252 -0.006914 0.001903 -1016.28 6.38 23.51 -446.08 -100.39 -28.04 0.0000 -88.6397 -109.4959
0.004581 -0.007092 0.001864 -1016.28 6.84 23.48 -440.98 -99.27 -29.29 0.0000 -88.6328 -109.5108
0.004676 -0.006982 0.001594 -1016.34 6.85 22.50 -440.98 -99.27 -29.29 0.0000 -88.6456 -109.4989
0.004604 -0.007057 0.001892 -1016.01 7.43 22.58 -446.81 -98.96 -25.92 0.0000 -88.6432 -109.5075
0.004411 -0.007427 0.002484 -1015.03 7.34 23.07 -444.62 -97.30 -20.00 0.0000 -88.6328 -109.5169
0.004411 -0.007427 0.002484 -1015.03 7.34 23.07 -444.62 -97.30 -20.00 0.0000 -88.6328 -109.5169
0.004158 -0.007250 0.002718 -1015.04 7.17 23.37 -450.45 -101.47 -26.76 0.0000 -88.6254 -109.5037
0.004816 -0.006652 0.003131 -1015.17 6.60 23.03 -443.16 -99.43 -27.93 0.0000 -88.6363 -109.4905
0.004750 -0.006184 0.002665 -1015.02 6.60 23.33 -442.44 -101.62 -29.30 0.0000 -88.6331 -109.5086
0.004301 -0.005617 0.002384 -1015.31 7.11 22.85 -443.89 -103.96 -27.85 0.0000 -88.6419 -109.5125
0.004301 -0.005617 0.002384 -1015.31 7.11 22.85 -443.89 -103.96 -27.85 0.0000 -88.6419 -109.5125
0.004715 -0.005551 0.002645 -1015.68 7.18 22.40 -445.35 -101.83 -25.05 0.0000 -88.6461 -109.4950
0.004441 -0.005708 0.001410 -1016.15 7.25 22.16 -443.16 -98.69 -23.55 0.0000 -88.6520 -109.4704
0.004501 -0.005609 0.000693 -1016.87 6.88 22.60 -445.35 -99.59 -25.83 0.0000 -88.6507 -109.4678
0.005015 -0.005507 0.001336 -1016.93 6.58 22.87 -442.44 -97.89 -25.73 0.0000 -88.6498 -109.4768
0.005015 -0.005507 0.001336 -1016.93 6.58 22.87 -442.44 -97.89 -25.73 0.0000 -88.6498 -109.4768
0.005179 -0.005909 0.001519 -1016.96 6.76 22.98 -451.90 -97.84 -22.53 0.0000 -88.6386 -109.4695
0.005140 -0.006268 0.001506 -1016.88 6.64 23.22 -441.71 -99.32 -24.20 0.0000 -88.6471 -109.4343
0.004668 -0.006504 0.001546 -1016.72 6.31 22.51 -439.52 -97.67 -25.60 0.0000 -88.6495 -109.4408
0.004608 -0.006675 0.001979 -1016.15 6.18 22.48 -439.52 -97.67 -25.60 0.0000 -88.6420 -109.4338
0.004608 -0.006675 0.001979 -1016.15 6.18 22.48 -439.52 -97.67 -25.60 0.0000 -88.6420 -109.4338
0.004867 -0.006867 0.002335 -1015.16 6.34 22.70 -448.26 -98.32 -24.54 0.0000 -88.6413 -109.4367
0.004912 -0.007364 0.002949 -1014.76 6.11 22.81 -443.16 -99.43 -27.19 0.0000 -88.6311 -109.4401
0.005257 -0.007628 0.003543 -1015.08 6.28 23.08 -450.45 -101.47 -23.10 0.0000 -88.6260 -109.4267
0.005021 -0.007163 0.004111 -1014.96 6.47 23.15 -444.62 -101.78 -26.48 0.0000 -88.6320 -109.4171
0.005021 -0.007163 0.004111 -1014.96 6.47 23.15 -444.62 -101.78 -26.48 0.0000 -88.6320 -109.4171
0.004865 -0.006881 0.004809 -1014.48 6.09 23.06 -446.08 -100.39 -25.12 0.0000 -88.6280 -109.4258
0.005001 -0.006660 0.004702 -1013.86 5.79 22.98 -447.53 -98.26 -23.04 0.0000 -88.6380 -109.3906
0.005030 -0.006422 0.004414 -1013.56 6.03 22.42 -448.99 -96.13 -23.89 0.0000 -88.6407 -109.3739
0.004962 -0.006462 0.003628 -1014.00 6.11 22.45 -446.08 -98.90 -23.69 0.0000 -88.6394 -109.3715
0.004962 -0.006462 0.003628 -1014.00 6.11 22.45 -446.08 -98.90 -23.69 0.0000 -88.6394 -109.3715
0.005118 -0.006163 0.003247 -1014.44 6.22 22.70 -446.81 -100.45 -20.03 0.0000 -88.6403 -109.3325
0.006002 -0.005977 0.003669 -1014.37 6.14 22.58 -440.98 -99.27 -27.09 0.0000 -88.6440 -109.3257
0.006534 -0.006093 0.003791 -1013.80 5.42 22.09 -448.26 -96.83 -24.57 0.0000 -88.6542 -109.3098
0.006368 -0.006199 0.003023 -1013.53 4.95 22.19 -442.44 -100.87 -24.93 0.0000 -88.6490 -109.3218
0.006368 -0.006199 0.003023 -1013.53 4.95 22.19 -442.44 -100.87 -24.93 0.0000 -88.6490 -109.3218
0.006925 -0.006063 0.002598 -1014.16 5.05 22.84 -444.62 -103.27 -27.90 0.0000 -88.6451 -109.3238
0.007610 -0.006050 0.002287 -1014.94 5.33 23.39 -444.62 -103.27 -27.90 0.0000 -88.6388 -109.3338
0.006890 -0.006160 0.001732 -1015.00 5.75 23.01 -443.16 -100.18 -27.18 0.0000 -88.6494 -109.3144
0.007108 -0.006259 0.001467 -1015.03 5.95 22.66 -448.26 -101.30 -25.20 0.0000 -88.6463 -109.3058
0.007108 -0.006259 0.001467 -1015.03 5.95 22.66 -448.26 -101.30 -25.20 0.0000 -88.6463 -109.3058
0.007476 -0.006989 0.001897 -1015.04 6.06 22.54 -449.72 -99.92 -26.76 0.0000 -88.6417 -109.2939
0.007216 -0.006794 0.001929 -1014.63 6.18 22.49 -438.80 -96.87 -23.39 0.0000 -88.6452 -109.2886
0.007081 -0.006371 0.001158 -1014.35 6.67 22.15 -444.62 -101.03 -27.23 0.0000 -88.6539 -109.2670
0.007581 -0.006268 0.000825 -1013.97 7.16 21.98 -443.89 -100.23 -22.09 0.0000 -88.6519 -109.2361
0.007581 -0.006268 0.000825 -1013.97 7.16 21.98 -443.89 -100.23 -22.09 0.0000 -88.6519 -109.2361
0.007756 -0.006237 0.000771 -1013.37 6.77 22.12 -445.35 -101.83 -26.51 0.0000 -88.6537 -109.2400
0.007338 -0.006300 0.000978 -1013.16 6.56 22.31 -448.26 -96.83 -27.50 0.0000 -88.6505 -109.2586
0.006060 -0.006294 0.001527 -1013.08 6.69 21.70 -444.62 -98.79 -29.47 0.0000 -88.6603 -109.2589
0.005816 -0.005151 0.001849 -1013.27 6.59 21.61 -446.81 -102.69 -22.90 0.0000 -88.6681 -109.2427
0.005816 -0.005151 0.001849 -1013.27 6.59 21.61 -446.81 -102.69 -22.90 0.0000 -88.6681 -109.2427
0.005658 -0.004810 0.001838 -1013.24 6.22 21.49 -446.08 -101.89 -24.35 0.0000 -88.6757 -109.2309
0.005658 -0.004810 0.001838 -1013.24 6.22 21.49 -446.08 -101.89 -24.35 0.0000 -88.6757 -109.2309
0.006087 -0.005383 0.001991 -1012.93 6.59 21.45 -441.71 -99.32 -30.79 0.0000 -88.6704 -109.2408
0.006406 -0.005352 0.002368 -1013.17 7.39 21.35 -441.71 -99.32 -30.79 0.0000 -88.6709 -109.2497
0.006406 -0.005352 0.002368 -1013.17 7.39 21.35 -441.71 -99.32 -30.79 0.0000 -88.6709 -109.2497
0.006383 -0.004776 0.001894 -1012.69 7.42 21.26 -448.99 -101.36 -26.69 0.0000 -88.6794 -109.2452
0.006823 -0.004382 0.001166 -1012.91 7.14 21.54 -448.26 -96.83 -28.96 0.0000 -88.6818 -109.2699
0.006669 -0.003855 0.001464 -1012.92 7.62 21.56 -447.53 -99.01 -29.61 0.0000 -88.6851 -109.2781
0.006757 -0.004065 0.001743 -1013.40 8.04 20.93 -442.44 -98.63 -28.64 0.0000 -88.6909 -109.2649
0.006757 -0.004065 0.001743 -1013.40 8.04 20.93 -442.44 -98.63 -28.64 0.0000 -88.6909 -109.2649
0.006675 -0.003425 0.001954 -1013.71 7.82 21.04 -448.99 -101.36 -24.50 0.0000 -88.6955 -109.2586
0.007333 -0.003997 0.002669 -1014.02 7.39 21.53 -443.89 -103.96 -24.93 0.0000 -88.6874 -109.2486
0.007657 -0.005436 0.002553 -1013.22 6.75 22.53 -442.44 -100.87 -23.47 0.0000 -88.6698 -109.2588
0.008266 -0.005593 0.002758 -1013.44 6.53 23.03 -446.81 -101.19 -25.86 0.0000 -88.6667 -109.2553
0.007130 -0.005739 0.002559 -1014.13 6.16 23.18 -443.16 -101.67 -25.68 0.0000 -88.6663 -109.2623
0.007130 -0.005739 0.002559 -1014.13 6.16 23.18 -443.16 -101.67 -25.68 0.0000 -88.6663 -109.2623
0.007529 -0.004865 0.002771 -1014.46 6.12 23.55 -451.17 -106.00 -25.23 0.0000 -88.6672 -109.2527
0.007226 -0.004594 0.002338 -1014.37 6.47 23.27 -449.72 -105.89 -25.89 0.0000 -88.6725 -109.2309
0.007299 -0.005518 0.001012 -1014.42 6.43 23.40 -445.35 -101.83 -25.05 0.0000 -88.6670 -109.2262
0.006864 -0.006045 0.000654 -1014.40 6.23 23.77 -449.72 -105.89 -27.35 0.0000 -88.6603 -109.2354
0.006864 -0.006045 0.000654 -1014.40 6.23 23.77 -449.72 -105.89 -27.35 0.0000 -88.6603 -109.2354
0.005371 -0.006040 0.000378 -1013.63 5.78 23.18 -449.72 -105.89 -27.35 0.0000 -88.6692 -109.2308
0.006179 -0.005915 0.000472 -1014.01 6.60 22.87 -446.08 -103.38 -27.24 0.0000 -88.6697 -109.2114
0.006082 -0.005942 0.000688 -1014.40 6.45 22.64 -443.89 -103.96 -24.93 0.0000 -88.6726 -109.1931
0.006082 -0.005942 0.000688 -1014.40 6.45 22.64 -443.89 -103.96 -24.93 0.0000 -88.6726 -109.1931
0.005434 -0.006646 0.001352 -1014.29 6.24 22.15 -448.26 -108.76 -27.95 0.0000 -88.6723 -109.1808
0.004895 -0.007014 0.001474 -1014.55 6.24 21.97 -448.26 -105.03 -26.57 0.0000 -88.6709 -109.1728
0.004852 -0.006681 0.001117 -1014.59 6.43 22.28 -443.89 -107.69 -32.89 0.0000 -88.6695 -109.1971
0.004958 -0.006552 0.000862 -1013.89 6.34 22.03 -449.72 -108.13 -25.11 0.0000 -88.6751 -109.1710
0.004958 -0.006552 0.000862 -1013.89 6.34 22.03 -449.72 -108.13 -25.11 0.0000 -88.6751 -109.1710
0.005217 -0.007085 0.001719 -1013.98 6.71 21.88 -445.35 -106.31 -26.40 0.0000 -88.6698 -109.1502
0.004554 -0.007490 0.002141 -1013.43 6.77 21.74 -447.53 -111.69 -28.58 0.0000 -88.6672 -109.1428
0.004659 -0.007236 0.003473 -1013.34 6.81 23.04 -445.35 -109.29 -30.72 0.0000 -88.6514 -109.1744
0.004191 -0.007049 0.002999 -1013.79 6.57 22.99 -451.90 -106.80 -30.36 0.0000 -88.6530 -109.1890
0.004191 -0.007049 0.002999 -1013.79 6.57 22.99 -451.90 -106.80 -30.36 0.0000 -88.6530 -109.1890
0.003857 -0.006555 0.002181 -1014.07 6.53 23.40 -449.71 -105.14 -23.71 0.0000 -88.6536 -109.1803
0.003395 -0.006462 0.001790 -1013.99 6.18 23.13 -446.99 -113.88 -25.56 0.0000 -88.6568 -109.1579
0.004215 -0.005556 0.001790 -1014.03 5.42 23.34 -448.99 -106.58 -25.84 0.0000 -88.6632 -109.1522
0.004411 -0.004682 0.002677 -1014.30 4.97 23.12 -448.99 -106.84 -25.84 0.0000 -88.6720 -109.1407
0.004411 -0.004682 0.002677 -1014.30 4.97 23.12 -448.99 -106.84 -25.84 0.0000 -88.6720 -109.1407
0.004512 -0.004211 0.003178 -1014.13 6.07 22.49 -449.72 -110.36 -28.09 0.0000 -88.6781 -109.1216
0.004992 -0.004141 0.003073 -1013.20 6.08 22.25 -448.26 -108.76 -21.39 0.0000 -88.6809 -109.0709
0.005492 -0.003762 0.002863 -1012.82 6.02 22.48 -448.26 -111.00 -15.46 0.0000 -88.6842 -109.0336
0.005492 -0.003762 0.002863 -1012.82 6.02 22.48 -448.26 -111.00 -15.46 0.0000 -88.6842 -109.0336
0.005885 -0.003831 0.003379 -1013.87 6.06 22.95 -450.45 -110.42 -22.16 0.0000 -88.6791 -108.9670
0.006223 -0.003598 0.003578 -1013.95 6.22 23.86 -442.44 -112.81 -19.53 0.0000 -88.6710 -108.9502
0.005887 -0.003794 0.003876 -1013.15 6.58 23.88 -447.53 -107.22 -20.63 0.0000 -88.6653 -108.9001
0.005286 -0.003681 0.004118 -1012.79 6.55 23.14 -446.81 -112.39 -21.94 0.0000 -88.6714 -108.8518
0.005378 -0.003309 0.004014 -1012.71 5.86 22.79 -448.26 -107.27 -27.25 0.0000 -88.6819 -108.8069
0.005378 -0.003309 0.004014 -1012.71 5.86 22.79 -448.26 -107.27 -27.25 0.0000 -88.6819 -108.8069
0.004522 -0.003668 0.004006 -1012.17 6.05 22.24 -450.45 -108.18 -28.80 0.0000 -88.6873 -108.7961
0.004720 -0.004016 0.003931 -1012.53 6.05 22.36 -453.36 -112.87 -25.17 0.0000 -88.6825 -108.7985
0.004160 -0.004009 0.003729 -1013.28 5.91 22.31 -448.26 -108.76 -20.63 0.0000 -88.6883 -108.7726
0.003983 -0.003949 0.003483 -1013.17 5.82 22.85 -448.26 -108.76 -20.63 0.0000 -88.6806 -108.7578
0.003983 -0.003949 0.003483 -1013.17 5.82 22.85 -448.26 -108.76 -20.63 0.0000 -88.6806 -108.7578
0.004540 -0.003105 0.003309 -1013.38 6.11 22.84 -448.26 -108.76 -20.63 0.0000 -88.6886 -108.7033
0.005116 -0.002766 0.003456 -1013.19 5.53 23.67 -448.26 -111.75 -25.68 0.0000 -88.6869 -108.6919
0.005050 -0.003358 0.002685 -1013.27 5.63 23.58 -451.17 -111.97 -24.35 0.0000 -88.6843 -108.6664
0.005050 -0.003358 0.002685 -1013.27 5.63 23.58 -451.17 -111.97 -24.35 0.0000 -88.6843 -108.6664
0.004296 -0.003866 0.001824 -1013.65 5.07 23.62 -446.81 -110.89 -20.51 0.0000 -88.6869 -108.6558
0.004243 -0.004547 0.001031 -1013.85 5.00 23.37 -446.08 -109.35 -21.24 0.0000 -88.6925 -108.6228
0.004143 -0.005059 0.001151 -1014.03 4.99 22.55 -446.08 -114.57 -25.51 0.0000 -88.6857 -108.5585
0.004052 -0.005083 0.000969 -1014.01 5.64 22.71 -448.26 -113.99 -22.70 0.0000 -88.6897 -108.5413
0.004052 -0.005083 0.000969 -1014.01 5.64 22.71 -448.26 -113.99 -22.70 0.0000 -88.6897 -108.5413
0.004401 -0.004691 0.001166 -1014.38 5.77 22.78 -450.45 -108.18 -19.28 0.0000 -88.6869 -108.4668
0.004102 -0.004340 0.001300 -1015.56 5.92 23.03 -450.45 -112.66 -22.84 0.0000 -88.6922 -108.4360
0.004062 -0.004189 0.001082 -1016.29 5.94 22.91 -451.90 -116.50 -25.01 0.0000 -88.6925 -108.4066
0.004402 -0.004127 0.001412 -1015.51 6.03 23.22 -447.53 -113.19 -21.96 0.0000 -88.6827 -108.3900
0.004753 -0.004359 0.001754 -1015.29 6.06 23.83 -450.45 -114.15 -17.68 0.0000 -88.6778 -108.3317
0.004753 -0.004359 0.001754 -1015.29 6.06 23.83 -450.45 -114.15 -17.68 0.0000 -88.6778 -108.3317
0.004551 -0.004445 0.001764 -1015.72 6.00 23.89 -448.99 -108.82 -20.66 0.0000 -88.6797 -108.3059
0.004408 -0.004433 0.002095 -1015.77 6.25 24.14 -448.99 -108.82 -20.66 0.0000 -88.6679 -108.2773
0.004351 -0.004773 0.002273 -1015.42 6.90 24.45 -446.08 -112.33 -17.52 0.0000 -88.6626 -108.2245
0.004532 -0.005071 0.002125 -1015.24 7.19 24.37 -448.99 -112.55 -21.31 0.0000 -88.6615 -108.1812
0.004116 -0.005348 0.002278 -1015.42 7.22 24.05 -454.82 -115.97 -22.97 0.0000 -88.6623 -108.1492
0.004116 -0.005348 0.002278 -1015.42 7.22 24.05 -454.82 -115.97 -22.97 0.0000 -88.6623 -108.1492
0.003433 -0.005589 0.002867 -1016.25 7.08 23.29 -451.90 -110.53 -20.03 0.0000 -88.6703 -108.0895
0.004293 -0.005930 0.002661 -1017.02 6.43 22.84 -452.63 -112.82 -18.55 0.0000 -88.6694 -108.0410
0.004215 -0.006092 0.002224 -1017.01 5.89 23.09 -450.45 -110.42 -23.62 0.0000 -88.6670 -108.0338
0.004215 -0.006092 0.002224 -1017.01 5.89 23.09 -450.45 -110.42 -23.62 0.0000 -88.6670 -108.0338
0.004226 -0.006005 0.002240 -1016.87 6.19 23.32 -451.17 -109.73 -20.75 0.0000 -88.6628 -107.9980
0.004308 -0.005957 0.002404 -1016.52 6.17 23.18 -448.26 -111.75 -17.63 0.0000 -88.6681 -107.9400
0.004388 -0.006034 0.002265 -1015.82 5.91 22.87 -447.53 -107.96 -17.69 0.0000 -88.6688 -107.8888
0.004131 -0.005678 0.001441 -1015.83 5.96 23.05 -447.53 -112.44 -16.85 0.0000 -88.6695 -107.8447
0.004131 -0.005678 0.001441 -1015.83 5.96 23.05 -447.53 -112.44 -16.85 0.0000 -88.6695 -107.8447
0.004245 -0.005664 0.002113 -1016.16 5.80 22.45 -448.26 -113.99 -18.31 0.0000 -88.6800 -107.7614
0.004455 -0.005461 0.002796 -1016.29 5.64 21.53 -448.26 -110.26 -23.52 0.0000 -88.6889 -107.7279
0.004561 -0.005278 0.003140 -1016.49 5.72 21.15 -451.17 -108.98 -19.30 0.0000 -88.6922 -107.6782
0.004570 -0.005142 0.003645 -1016.24 5.81 21.29 -451.17 -108.98 -19.30 0.0000 -88.6888 -107.6466
0.004282 -0.005657 0.003345 -1015.80 5.62 22.10 -454.09 -115.17 -19.29 0.0000 -88.6762 -107.6273
0.004282 -0.005657 0.003345 -1015.80 5.62 22.10 -454.09 -115.17 -19.29 0.0000 -88.6762 -107.6273
0.005173 -0.006489 0.003847 -1016.02 5.79 22.39 -449.72 -108.87 -16.31 0.0000 -88.6700 -107.5549
0.004760 -0.006921 0.004725 -1015.85 5.92 22.10 -443.89 -112.17 -18.15 0.0000 -88.6685 -107.5066
0.004630 -0.007005 0.005303 -1015.80 5.93 21.66 -445.35 -113.03 -11.61 0.0000 -88.6714 -107.4101
0.004630 -0.007005 0.005303 -1015.80 5.93 21.66 -445.35 -113.03 -11.61 0.0000 -88.6714 -107.4101
0.004530 -0.006839 0.005674 -1015.79 5.90 21.60 -452.63 -108.34 -16.46 0.0000 -88.6700 -107.3634
0.004392 -0.006450 0.005356 -1015.58 5.70 21.65 -451.17 -108.98 -16.37 0.0000 -88.6747 -107.3123
0.004072 -0.006139 0.004949 -1016.20 5.06 21.24 -448.26 -105.78 -17.77 0.0000 -88.6872 -107.2633
0.004229 -0.007009 0.004074 -1016.27 4.72 20.94 -447.53 -107.96 -14.76 0.0000 -88.6837 -107.1978
0.004229 -0.007009 0.004074 -1016.27 4.72 20.94 -447.53 -107.96 -14.76 0.0000 -88.6837 -107.1978
0.004672 -0.006843 0.004029 -1015.54 4.16 21.00 -450.45 -105.20 -17.89 0.0000 -88.6883 -107.1634
0.003823 -0.006884 0.005206 -1014.19 4.28 21.35 -450.45 -109.67 -17.05 0.0000 -88.6788 -107.1304
0.003420 -0.006639 0.004975 -1014.65 4.96 21.54 -452.63 -111.33 -17.85 0.0000 -88.6793 -107.0844
0.003670 -0.006733 0.005082 -1015.34 4.87 21.91 -444.62 -103.27 -17.66 0.0000 -88.6744 -107.0596
0.003552 -0.007720 0.004734 -1015.27 5.35 22.36 -445.35 -107.80 -17.59 0.0000 -88.6606 -107.0249
0.003552 -0.007720 0.004734 -1015.27 5.35 22.36 -445.35 -107.80 -17.59 0.0000 -88.6606 -107.0249
0.004759 -0.008010 0.003705 -1013.71 5.95 22.31 -445.35 -107.80 -17.59 0.0000 -88.6600 -106.9672
0.006017 -0.008166 0.003670 -1013.45 6.23 21.68 -451.17 -104.50 -19.41 0.0000 -88.6648 -106.9114
0.005521 -0.008114 0.003200 -1013.60 6.37 22.34 -451.90 -111.27 -17.82 0.0000 -88.6542 -106.8933
0.005521 -0.008114 0.003200 -1013.60 6.37 22.34 -451.90 -111.27 -17.82 0.0000 -88.6542 -106.8933
0.005705 -0.007587 0.002881 -1013.91 6.38 22.63 -450.45 -108.18 -17.82 0.0000 -88.6565 -106.8537
0.005477 -0.007619 0.002418 -1013.63 6.05 22.01 -446.08 -101.14 -15.58 0.0000 -88.6651 -106.7952
0.006267 -0.007375 0.002292 -1013.96 5.93 22.15 -448.99 -101.36 -14.25 0.0000 -88.6640 -106.7471
0.005307 -0.007451 0.002645 -1013.41 5.87 21.58 -453.36 -102.43 -18.83 0.0000 -88.6700 -106.7102
0.005307 -0.007451 0.002645 -1013.41 5.87 21.58 -453.36 -102.43 -18.83 0.0000 -88.6700 -106.7102
0.005424 -0.007766 0.002785 -1013.76 6.40 21.71 -451.90 -105.30 -16.49 0.0000 -88.6623 -106.6686
0.004846 -0.006694 0.003675 -1013.29 6.21 21.81 -452.63 -103.12 -16.58 0.0000 -88.6682 -106.6374
0.005378 -0.006707 0.003983 -1013.68 6.18 21.53 -448.26 -105.03 -18.52 0.0000 -88.6706 -106.5942
0.004453 -0.006863 0.003988 -1013.56 6.11 21.75 -453.36 -100.94 -18.13 0.0000 -88.6670 -106.5814
0.003758 -0.007366 0.003751 -1013.23 6.56 21.14 -451.17 -103.76 -18.69 0.0000 -88.6698 -106.5387
0.003758 -0.007366 0.003751 -1013.23 6.56 21.14 -451.17 -103.76 -18.69 0.0000 -88.6698 -106.5387
0.003896 -0.007568 0.003183 -1013.77 6.04 21.37 -451.90 -101.57 -19.51 0.0000 -88.6685 -106.5291
0.003564 -0.007085 0.003247 -1013.62 6.21 21.40 -448.26 -101.30 -14.22 0.0000 -88.6709 -106.4820
0.004655 -0.007444 0.003206 -1014.24 5.78 21.40 -448.26 -101.30 -14.22 0.0000 -88.6706 -106.4278
0.005058 -0.007646 0.003503 -1013.84 5.90 21.23 -452.63 -101.63 -18.81 0.0000 -88.6704 -106.3960
0.005089 -0.007688 0.003557 -1013.76 5.85 20.78 -447.53 -101.25 -20.77 0.0000 -88.6747 -106.3728
0.005089 -0.007688 0.003557 -1013.76 5.85 20.78 -447.53 -101.25 -20.77 0.0000 -88.6747 -106.3728
0.005909 -0.007326 0.003817 -1013.33 5.89 21.21 -449.72 -102.16 -15.00 0.0000 -88.6729 -106.3313
0.006075 -0.007438 0.003797 -1013.49 5.83 21.61 -451.17 -103.76 -15.77 0.0000 -88.6682 -106.2960
0.005437 -0.007382 0.003374 -1013.58 6.27 21.99 -448.26 -102.05 -22.98 0.0000 -88.6638 -106.3071
0.006150 -0.007093 0.003394 -1014.19 6.15 20.60 -455.54 -103.34 -19.64 0.0000 -88.6803 -106.2469
0.006150 -0.007093 0.003394 -1014.19 6.15 20.60 -455.54 -103.34 -19.64 0.0000 -88.6803 -106.2469
0.006190 -0.006695 0.003165 -1014.54 5.50 20.77 -456.27 -104.88 -17.44 0.0000 -88.6854 -106.2196
0.006742 -0.006704 0.003548 -1015.55 5.31 20.39 -453.17 -106.90 -22.38 0.0000 -88.6907 -106.1945
0.006742 -0.006704 0.003548 -1015.55 5.31 20.39 -453.17 -106.90 -22.38 0.0000 -88.6907 -106.1945
0.007528 -0.006472 0.003618 -1016.21 5.42 21.12 -448.99 -101.52 -15.82 0.0000 -88.6857 -106.1675
0.008504 -0.006281 0.003888 -1016.25 5.90 20.75 -449.72 -102.85 -21.54 0.0000 -88.6910 -106.1343
0.007633 -0.006760 0.003940 -1016.04 6.31 20.20 -447.53 -104.23 -17.89 0.0000 -88.6910 -106.0908
0.007633 -0.006760 0.003940 -1016.04 6.31 20.20 -447.53 -104.23 -17.89 0.0000 -88.6910 -106.0908
0.007261 -0.006021 0.003241 -1016.40 6.48 20.64 -454.09 -103.97 -19.97 0.0000 -88.6958 -106.0780
0.006857 -0.006198 0.003702 -1016.33 6.31 21.15 -454.09 -103.97 -23.95 0.0000 -88.6895 -106.0984
0.006849 -0.006718 0.003819 -1015.32 5.91 20.46 -451.17 -106.74 -23.74 0.0000 -88.6955 -106.0832
0.006972 -0.006289 0.004239 -1015.09 6.05 20.83 -454.09 -108.45 -21.65 0.0000 -88.6928 -106.0884
0.007006 -0.006121 0.004493 -1014.55 6.27 20.53 -451.17 -103.01 -23.83 0.0000 -88.6997 -106.0560
0.007006 -0.006121 0.004493 -1014.55 6.27 20.53 -451.17 -103.01 -23.83 0.0000 -88.6997 -106.0560
0.006294 -0.006512 0.005062 -1014.56 6.58 21.04 -453.36 -105.41 -23.15 0.0000 -88.6906 -106.0742
0.005954 -0.006871 0.004683 -1014.42 7.33 21.58 -453.36 -104.67 -26.09 0.0000 -88.6806 -106.0791
0.005200 -0.007324 0.003897 -1014.20 7.72 21.61 -451.90 -100.83 -20.99 0.0000 -88.6744 -106.0947
0.005164 -0.007149 0.004232 -1013.88 7.16 21.47 -451.90 -104.56 -20.17 0.0000 -88.6800 -106.0904
0.005717 -0.007223 0.004528 -1014.01 7.27 21.65 -454.09 -102.48 -22.52 0.0000 -88.6759 -106.0710
0.005717 -0.007223 0.004528 -1014.01 7.27 21.65 -454.09 -102.48 -22.52 0.0000 -88.6759 -106.0710
0.005857 -0.007352 0.004222 -1014.03 7.40 21.60 -448.99 -101.36 -24.50 0.0000 -88.6732 -106.0696
0.006063 -0.007259 0.004311 -1014.33 7.37 21.24 -454.09 -111.44 -20.11 0.0000 -88.6785 -106.0644
0.006345 -0.007332 0.004432 -1014.36 6.97 21.33 -447.53 -111.69 -19.06 0.0000 -88.6791 -106.0416
0.007197 -0.007194 0.004185 -1013.78 7.39 21.40 -454.82 -111.49 -22.34 0.0000 -88.6762 -106.0024
0.007658 -0.006995 0.003959 -1013.03 7.83 21.67 -449.72 -110.36 -20.66 0.0000 -88.6771 -105.9776
0.007658 -0.006995 0.003959 -1013.03 7.83 21.67 -449.72 -110.36 -20.66 0.0000 -88.6771 -105.9776
0.006802 -0.006972 0.003644 -1012.43 8.14 22.14 -449.72 -110.36 -20.66 0.0000 -88.6682 -105.9667
0.006288 -0.006338 0.003435 -1012.47 7.96 22.27 -451.17 -106.74 -28.13 0.0000 -88.6753 -105.9608
0.006288 -0.006338 0.003435 -1012.47 7.96 22.27 -451.17 -106.74 -28.13 0.0000 -88.6753 -105.9608
0.006106 -0.006337 0.003199 -1012.48 7.90 21.83 -452.63 -106.85 -23.08 0.0000 -88.6756 -105.9718
0.005816 -0.006590 0.002965 -1012.51 8.07 21.76 -448.99 -110.31 -20.63 0.0000 -88.6720 -105.9430
0.005554 -0.007152 0.002771 -1012.99 8.12 21.92 -448.26 -106.53 -24.34 0.0000 -88.6637 -105.9566
0.005137 -0.007765 0.002527 -1013.61 7.88 22.30 -450.45 -106.69 -24.44 0.0000 -88.6577 -105.9747
0.005137 -0.007765 0.002527 -1013.61 7.88 22.30 -450.45 -106.69 -24.44 0.0000 -88.6577 -105.9747
0.005246 -0.007947 0.002519 -1014.17 7.95 22.74 -448.99 -111.06 -22.81 0.0000 -88.6492 -105.9662
0.005365 -0.008351 0.002335 -1014.45 7.86 23.05 -442.44 -107.59 -18.19 0.0000 -88.6465 -105.9464
0.004592 -0.008398 0.002057 -1014.75 7.35 22.94 -451.90 -107.54 -18.64 0.0000 -88.6523 -105.9203
0.004341 -0.007929 0.002360 -1014.85 7.31 22.36 -452.63 -110.58 -18.60 0.0000 -88.6615 -105.8680
0.004341 -0.007929 0.002360 -1014.85 7.31 22.36 -452.63 -110.58 -18.60 0.0000 -88.6615 -105.8680
0.004763 -0.007750 0.002565 -1014.87 6.82 21.90 -450.45 -114.15 -24.27 0.0000 -88.6635 -105.8672
0.005193 -0.007628 0.002397 -1014.65 6.12 21.93 -443.89 -110.68 -21.11 0.0000 -88.6682 -105.8451
0.005373 -0.007599 0.002572 -1014.46 5.70 21.83 -452.63 -105.36 -20.19 0.0000 -88.6685 -105.8322
0.005679 -0.007816 0.002479 -1014.46 5.60 21.97 -452.63 -105.36 -20.19 0.0000 -88.6628 -105.8209
0.005679 -0.007816 0.002479 -1014.46 5.60 21.97 -452.63 -105.36 -20.19 0.0000 -88.6628 -105.8209
0.005992 -0.007917 0.002191 -1014.49 5.54 22.17 -452.63 -105.36 -20.19 0.0000 -88.6644 -105.8089
0.005449 -0.008339 0.001773 -1014.58 5.53 21.96 -448.99 -114.04 -20.54 0.0000 -88.6641 -105.7791
0.005650 -0.008111 0.001519 -1014.70 5.69 21.48 -446.81 -105.67 -21.37 0.0000 -88.6751 -105.7517
0.006710 -0.007676 0.001495 -1015.38 5.86 21.19 -448.99 -110.31 -24.29 0.0000 -88.6769 -105.7367
0.006710 -0.007676 0.001495 -1015.38 5.86 21.19 -448.99 -110.31 -24.29 0.0000 -88.6769 -105.7367
0.006678 -0.007812 0.001737 -1015.92 6.13 21.96 -450.45 -111.17 -20.68 0.0000 -88.6575 -105.7528
0.007057 -0.008030 0.001743 -1016.65 6.68 22.74 -451.90 -111.27 -20.74 0.0000 -88.6542 -105.7223
0.007123 -0.007881 0.001929 -1017.07 6.80 22.82 -450.45 -106.69 -17.12 0.0000 -88.6540 -105.6987
0.006765 -0.007812 0.002285 -1016.83 6.63 22.65 -451.90 -112.02 -25.85 0.0000 -88.6565 -105.6981
0.006765 -0.007812 0.002285 -1016.83 6.63 22.65 -451.90 -112.02 -25.85 0.0000 -88.6565 -105.6981
0.005814 -0.008698 0.002329 -1016.22 6.54 22.41 -448.26 -105.03 -22.91 0.0000 -88.6487 -105.7066
0.005588 -0.009010 0.002723 -1016.54 6.60 22.43 -448.99 -108.82 -22.13 0.0000 -88.6452 -105.6985
0.005524 -0.008439 0.002822 -1016.33 6.89 22.12 -451.17 -107.49 -22.26 0.0000 -88.6537 -105.6785
0.005499 -0.007556 0.002693 -1016.15 7.09 21.75 -448.99 -111.06 -25.73 0.0000 -88.6622 -105.6778
0.005499 -0.007556 0.002693 -1016.15 7.09 21.75 -448.99 -111.06 -25.73 0.0000 -88.6622 -105.6778
0.005232 -0.007039 0.002064 -1015.50 7.99 21.84 -449.72 -115.59 -22.73 0.0000 -88.6586 -105.6629
0.005831 -0.006878 0.001727 -1014.72 8.59 21.84 -449.72 -115.59 -22.73 0.0000 -88.6597 -105.6363
0.005695 -0.006880 0.002191 -1013.95 8.48 21.90 -451.17 -109.73 -22.94 0.0000 -88.6572 -105.6383
0.006954 -0.006444 0.001787 -1013.96 8.36 21.46 -453.36 -114.37 -20.01 0.0000 -88.6703 -105.5826
0.006843 -0.006387 0.002030 -1013.98 7.80 21.25 -452.63 -109.84 -20.81 0.0000 -88.6720 -105.5725
0.006843 -0.006387 0.002030 -1013.98 7.80 21.25 -452.63 -109.84 -20.81 0.0000 -88.6720 -105.5725
0.007347 -0.006748 0.002384 -1014.18 7.49 21.53 -454.09 -109.94 -21.61 0.0000 -88.6659 -105.5631
0.007027 -0.007342 0.002280 -1013.94 7.65 21.64 -454.09 -109.94 -18.68 0.0000 -88.6615 -105.5362
0.007441 -0.006943 0.003032 -1014.17 7.07 22.60 -455.54 -113.78 -19.39 0.0000 -88.6530 -105.5392
0.007972 -0.006668 0.003663 -1014.78 6.65 22.54 -452.63 -110.58 -22.99 0.0000 -88.6603 -105.5178
0.008343 -0.006685 0.002918 -1014.77 6.86 21.95 -449.72 -112.60 -16.22 0.0000 -88.6665 -105.4572
0.008343 -0.006685 0.002918 -1014.77 6.86 21.95 -449.72 -112.60 -16.22 0.0000 -88.6665 -105.4572
0.008770 -0.006423 0.002251 -1015.00 6.89 22.65 -451.17 -109.73 -22.94 0.0000 -88.6586 -105.4739
0.008770 -0.006423 0.002251 -1015.00 6.89 22.65 -451.17 -109.73 -22.94 0.0000 -88.6586 -105.4739
0.007904 -0.006454 0.003395 -1015.22 6.99 23.40 -451.17 -111.22 -23.64 0.0000 -88.6475 -105.4919
0.008265 -0.005995 0.003639 -1015.24 6.41 24.52 -446.81 -112.39 -23.40 0.0000 -88.6394 -105.5177
0.008491 -0.005945 0.003876 -1014.41 6.27 24.67 -453.36 -104.67 -25.36 0.0000 -88.6396 -105.5329
0.007584 -0.006914 0.003907 -1013.92 6.11 24.37 -448.26 -111.00 -19.11 0.0000 -88.6343 -105.5130
0.007010 -0.006022 0.004125 -1013.98 6.10 24.80 -448.26 -111.00 -19.11 0.0000 -88.6328 -105.5094
0.007010 -0.006022 0.004125 -1013.98 6.10 24.80 -448.26 -111.00 -19.11 0.0000 -88.6328 -105.5094
0.006629 -0.006071 0.003158 -1013.48 6.69 24.22 -449.72 -113.35 -23.52 0.0000 -88.6383 -105.4891
0.006519 -0.006850 0.003480 -1013.74 7.17 24.04 -448.26 -109.51 -25.74 0.0000 -88.6297 -105.4996
0.007010 -0.007017 0.003545 -1012.74 6.98 24.31 -451.17 -108.98 -25.15 0.0000 -88.6240 -105.5188
0.006632 -0.006816 0.003249 -1012.51 7.06 24.62 -447.53 -110.20 -23.49 0.0000 -88.6207 -105.5297
0.006632 -0.006816 0.003249 -1012.51 7.06 24.62 -447.53 -110.20 -23.49 0.0000 -88.6207 -105.5297
0.007353 -0.006613 0.003185 -1012.92 7.62 25.47 -450.45 -114.90 -19.86 0.0000 -88.6081 -105.5201
0.006827 -0.006907 0.002566 -1012.96 7.66 24.56 -448.26 -108.76 -22.83 0.0000 -88.6170 -105.4998
0.006499 -0.006699 0.002330 -1012.97 7.17 25.22 -441.71 -112.01 -23.17 0.0000 -88.6096 -105.5228
0.007005 -0.007071 0.002362 -1013.17 6.97 24.75 -448.26 -112.50 -21.27 0.0000 -88.6121 -105.4954
0.007517 -0.006147 0.002282 -1013.17 6.07 23.23 -452.63 -108.34 -27.43 0.0000 -88.6363 -105.4876
0.007517 -0.006147 0.002282 -1013.17 6.07 23.23 -452.63 -108.34 -27.43 0.0000 -88.6363 -105.4876
0.007012 -0.005851 0.002308 -1013.64 6.42 23.06 -450.45 -109.67 -23.64 0.0000 -88.6383 -105.4891
0.006963 -0.006890 0.001647 -1013.59 6.14 23.56 -454.09 -110.69 -23.06 0.0000 -88.6283 -105.5014
0.006963 -0.006890 0.001647 -1013.59 6.14 23.56 -454.09 -110.69 -23.06 0.0000 -88.6283 -105.5014
0.006776 -0.007164 0.001499 -1013.75 5.67 23.76 -450.45 -110.42 -20.70 0.0000 -88.6251 -105.4979
0.007023 -0.006334 0.001205 -1014.26 5.34 23.92 -446.08 -111.59 -20.46 0.0000 -88.6314 -105.4859
0.006677 -0.006583 0.001757 -1014.63 5.24 23.59 -446.08 -111.59 -20.46 0.0000 -88.6320 -105.4677
0.007420 -0.006240 0.001395 -1014.89 4.78 23.00 -454.09 -109.94 -23.08 0.0000 -88.6433 -105.4532
0.008124 -0.006442 0.001381 -1015.41 5.13 22.57 -447.53 -110.95 -22.01 0.0000 -88.6453 -105.4278
0.008509 -0.005819 0.001243 -1014.98 5.20 22.84 -451.17 -111.22 -27.30 0.0000 -88.6487 -105.4485
0.008912 -0.006090 0.001833 -1015.36 4.42 22.91 -446.81 -110.09 -21.96 0.0000 -88.6484 -105.4433
0.008912 -0.006090 0.001833 -1015.36 4.42 22.91 -446.81 -110.09 -21.96 0.0000 -88.6484 -105.4433
0.008490 -0.006534 0.002221 -1014.61 3.64 23.12 -450.45 -116.86 -20.37 0.0000 -88.6461 -105.4321
0.007828 -0.007363 0.002947 -1014.34 3.10 22.55 -449.72 -117.62 -24.91 0.0000 -88.6472 -105.4275
0.007828 -0.007363 0.002947 -1014.34 3.10 22.55 -449.72 -117.62 -24.91 0.0000 -88.6472 -105.4275
0.007687 -0.007704 0.003336 -1013.99 3.51 21.94 -453.36 -111.38 -19.22 0.0000 -88.6498 -105.3911
0.007699 -0.007294 0.003864 -1014.13 3.95 22.29 -449.72 -111.11 -22.27 0.0000 -88.6451 -105.3877
0.007128 -0.006236 0.003707 -1014.25 4.07 22.62 -456.27 -107.87 -27.62 0.0000 -88.6504 -105.3993
0.006519 -0.006125 0.003519 -1013.73 4.14 22.42 -447.53 -107.96 -15.49 0.0000 -88.6548 -105.4259
0.006519 -0.006125 0.003519 -1013.73 4.14 22.42 -447.53 -107.96 -15.49 0.0000 -88.6548 -105.4259
0.006527 -0.005963 0.003784 -1014.21 4.43 22.98 -451.17 -110.47 -25.12 0.0000 -88.6513 -105.4000
0.006572 -0.006221 0.003482 -1014.89 4.63 23.25 -450.45 -109.67 -17.79 0.0000 -88.6446 -105.4192
0.007121 -0.006001 0.003249 -1014.16 4.92 23.14 -450.45 -109.67 -17.79 0.0000 -88.6492 -105.3819
0.007089 -0.006267 0.003888 -1014.07 5.34 23.30 -454.82 -111.49 -24.54 0.0000 -88.6429 -105.3630
0.007089 -0.006267 0.003888 -1014.07 5.34 23.30 -454.82 -111.49 -24.54 0.0000 -88.6429 -105.3630
0.007527 -0.006701 0.004043 -1014.39 5.81 23.05 -446.81 -110.89 -21.24 0.0000 -88.6412 -105.3557
0.007059 -0.007094 0.004032 -1014.72 6.36 22.54 -451.17 -110.47 -28.05 0.0000 -88.6394 -105.3339
0.006684 -0.006787 0.003679 -1014.72 6.19 22.20 -448.26 -113.24 -27.84 0.0000 -88.6449 -105.3498
0.006218 -0.006590 0.003867 -1014.41 5.79 22.02 -450.45 -113.40 -25.02 0.0000 -88.6536 -105.3701
0.006218 -0.006590 0.003867 -1014.41 5.79 22.02 -450.45 -113.40 -25.02 0.0000 -88.6536 -105.3701
0.006910 -0.006717 0.003874 -1014.96 5.36 22.66 -451.90 -106.80 -27.44 0.0000 -88.6452 -105.3860
0.006377 -0.006649 0.003531 -1015.13 4.96 22.69 -446.08 -107.11 -24.96 0.0000 -88.6484 -105.4179
0.005614 -0.006599 0.003035 -1014.36 4.95 22.71 -451.17 -108.23 -25.17 0.0000 -88.6484 -105.4459
0.005767 -0.006317 0.003686 -1013.65 5.55 22.48 -449.72 -108.87 -27.28 0.0000 -88.6519 -105.4484
0.005767 -0.006317 0.003686 -1013.65 5.55 22.48 -449.72 -108.87 -27.28 0.0000 -88.6519 -105.4484
0.006308 -0.006187 0.004214 -1013.55 5.50 22.71 -452.63 -112.82 -22.21 0.0000 -88.6503 -105.4722
0.006475 -0.006166 0.003952 -1013.33 5.87 22.84 -452.63 -107.60 -22.33 0.0000 -88.6443 -105.4651
0.006394 -0.006349 0.003681 -1013.69 6.10 23.06 -452.63 -113.57 -22.92 0.0000 -88.6417 -105.4643
0.005982 -0.005948 0.003579 -1014.06 6.09 23.35 -446.08 -110.09 -28.54 0.0000 -88.6436 -105.0088
0.005982 -0.005948 0.003579 -1014.06 6.09 23.35 -446.08 -110.09 -28.54 0.0000 -88.6436 -105.0088
0.005430 -0.005866 0.002914 -1013.75 6.22 23.52 -446.08 -110.09 -28.54 0.0000 -88.6427 -105.5282
0.005376 -0.006482 0.002961 -1012.58 6.67 23.14 -448.99 -109.56 -23.57 0.0000 -88.6366 -105.5264
0.005625 -0.006843 0.003153 -1012.26 6.85 23.19 -454.09 -112.18 -29.61 0.0000 -88.6351 -105.5565
0.005461 -0.006825 0.003417 -1012.54 6.78 22.67 -450.45 -116.39 -24.95 0.0000 -88.6474 -105.5332
0.005509 -0.006682 0.003691 -1012.43 6.98 21.92 -446.81 -110.89 -21.24 0.0000 -88.6484 -105.5095
0.005509 -0.006682 0.003691 -1012.43 6.98 21.92 -446.81 -110.89 -21.24 0.0000 -88.6484 -105.5095
0.005471 -0.006909 0.003957 -1012.46 6.82 22.40 -449.72 -111.11 -22.11 0.0000 -88.6301 -105.5501
0.005729 -0.007172 0.003955 -1013.33 6.62 23.76 -454.09 -106.96 -23.88 0.0000 -88.6208 -105.5611
0.006134 -0.006714 0.004136 -1014.46 6.88 24.04 -443.89 -111.42 -27.68 0.0000 -88.6260 -105.5851
0.006415 -0.005816 0.003909 -1015.16 6.63 24.22 -446.81 -110.89 -22.71 0.0000 -88.6294 -105.5884
0.006415 -0.005816 0.003909 -1015.16 6.63 24.22 -446.81 -110.89 -22.71 0.0000 -88.6294 -105.5884
0.006922 -0.005726 0.004093 -1015.50 6.68 23.77 -453.36 -108.40 -28.20 0.0000 -88.6361 -105.5832
0.007126 -0.005988 0.004834 -1015.74 7.08 22.79 -453.36 -103.92 -20.99 0.0000 -88.6391 -105.5629
0.007411 -0.005961 0.004889 -1015.66 7.29 22.55 -454.09 -111.44 -27.43 0.0000 -88.6388 -105.5814
0.007411 -0.005961 0.004889 -1015.66 7.29 22.55 -454.09 -111.44 -27.43 0.0000 -88.6388 -105.5814
0.006901 -0.005345 0.004492 -1016.05 7.19 22.83 -451.17 -105.25 -24.51 0.0000 -88.6429 -105.6112
0.006585 -0.004818 0.004428 -1015.61 6.90 23.13 -453.36 -105.41 -24.61 0.0000 -88.6433 -105.6349
0.006956 -0.004723 0.004689 -1014.94 6.50 23.41 -453.36 -105.41 -24.61 0.0000 -88.6412 -105.6567
0.006864 -0.004799 0.004682 -1014.91 6.36 23.24 -448.26 -112.50 -25.66 0.0000 -88.6466 -105.6553
0.006336 -0.005140 0.005532 -1014.28 6.46 23.05 -443.16 -111.37 -27.64 0.0000 -88.6388 -105.6810
0.006336 -0.005140 0.005532 -1014.28 6.46 23.05 -443.16 -111.37 -27.64 0.0000 -88.6388 -105.6810
0.006114 -0.005573 0.005643 -1014.00 6.47 23.08 -453.36 -109.14 -25.99 0.0000 -88.6386 -105.6967
0.005974 -0.005570 0.004998 -1013.96 6.69 22.74 -454.09 -113.67 -23.72 0.0000 -88.6448 -105.6805
0.006065 -0.005453 0.003954 -1014.09 6.74 22.73 -453.36 -109.14 -23.06 0.0000 -88.6453 -105.6894
0.005842 -0.005551 0.003000 -1014.32 6.08 22.87 -449.72 -110.36 -31.64 0.0000 -88.6498 -105.7396
0.005842 -0.005551 0.003000 -1014.32 6.08 22.87 -449.72 -110.36 -31.64 0.0000 -88.6498 -105.7396
0.005721 -0.005787 0.002748 -1014.18 6.14 22.59 -446.08 -113.83 -26.99 0.0000 -88.6511 -105.7389
0.006057 -0.006040 0.002993 -1013.42 6.00 22.79 -447.53 -107.22 -31.61 0.0000 -88.6443 -105.7998
0.006300 -0.006017 0.003409 -1013.44 5.63 22.47 -446.08 -110.84 -27.80 0.0000 -88.6542 -105.8024
0.006649 -0.005626 0.003814 -1013.83 5.98 22.69 -450.45 -110.42 -30.21 0.0000 -88.6469 -105.8439
0.006649 -0.005626 0.003814 -1013.83 5.98 22.69 -450.45 -110.42 -30.21 0.0000 -88.6469 -105.8439
0.005901 -0.005811 0.003487 -1014.42 6.27 22.43 -448.99 -112.55 -27.89 0.0000 -88.6545 -105.8501
0.005208 -0.006087 0.002672 -1014.79 6.44 22.29 -445.35 -113.77 -24.76 0.0000 -88.6523 -105.8573
0.005514 -0.006141 0.002919 -1014.51 6.82 22.50 -450.45 -107.43 -30.28 0.0000 -88.6474 -105.8925
0.006683 -0.006027 0.003425 -1014.66 6.29 22.22 -450.45 -107.43 -30.28 0.0000 -88.6561 -105.9169
0.006683 -0.006027 0.003425 -1014.66 6.29 22.22 -450.45 -107.43 -30.28 0.0000 -88.6561 -105.9169
0.007077 -0.005997 0.003271 -1014.48 6.05 22.44 -450.45 -112.66 -28.69 0.0000 -88.6524 -105.9462
0.007485 -0.006281 0.003074 -1013.63 5.85 22.65 -450.45 -114.15 -25.73 0.0000 -88.6504 -105.9509
0.007995 -0.005812 0.002535 -1013.38 5.83 23.15 -452.63 -110.58 -26.65 0.0000 -88.6492 -105.9756
0.007995 -0.005812 0.002535 -1013.38 5.83 23.15 -452.63 -110.58 -26.65 0.0000 -88.6492 -105.9756
0.007966 -0.005732 0.002441 -1013.51 6.16 23.48 -454.09 -111.44 -25.97 0.0000 -88.6458 -105.9882
0.008588 -0.006161 0.002467 -1013.82 6.56 23.67 -452.63 -112.07 -30.27 0.0000 -88.6386 -106.0140
0.008813 -0.006614 0.001896 -1013.26 6.32 23.84 -451.17 -111.97 -21.43 0.0000 -88.6360 -106.0062
0.008665 -0.006731 0.001663 -1013.45 6.31 24.00 -451.90 -111.27 -28.79 0.0000 -88.6328 -106.0344
0.008665 -0.006731 0.001663 -1013.45 6.31 24.00 -451.90 -111.27 -28.79 0.0000 -88.6328 -106.0344
0.008151 -0.006774 0.001833 -1013.15 6.64 23.98 -451.17 -110.47 -31.71 0.0000 -88.6303 -106.0740
0.008213 -0.006706 0.002036 -1012.67 6.69 23.62 -451.90 -110.53 -25.15 0.0000 -88.6343 -106.0714
0.006736 -0.007065 0.002539 -1013.66 7.13 23.69 -454.09 -109.20 -25.29 0.0000 -88.6263 -106.0921
0.007345 -0.006892 0.001643 -1014.19 7.39 23.14 -453.36 -109.89 -25.97 0.0000 -88.6354 -106.0818
0.007345 -0.006892 0.001643 -1014.19 7.39 23.14 -453.36 -109.89 -25.97 0.0000 -88.6354 -106.0818
0.006731 -0.006343 0.001427 -1014.22 7.66 22.81 -447.53 -113.93 -29.99 0.0000 -88.6458 -105.8318
0.006954 -0.005945 0.001424 -1014.12 7.58 22.75 -448.99 -111.06 -30.12 0.0000 -88.6440 -106.1291
0.006228 -0.005588 0.001652 -1013.48 7.11 22.89 -448.99 -111.06 -30.12 0.0000 -88.6461 -106.1705
0.006272 -0.006196 0.000974 -1013.95 6.99 23.12 -454.09 -113.67 -28.84 0.0000 -88.6417 -106.1948
0.005515 -0.006075 0.000996 -1013.90 6.57 23.01 -453.36 -112.87 -25.17 0.0000 -88.6461 -106.2027
0.005515 -0.006075 0.000996 -1013.90 6.57 23.01 -453.36 -112.87 -25.17 0.0000 -88.6461 -106.2027
0.005744 -0.006303 0.001044 -1013.55 6.60 22.68 -451.17 -111.22 -33.88 0.0000 -88.6478 -106.2407
0.005540 -0.005812 0.001318 -1014.24 6.48 23.57 -448.99 -110.31 -30.87 0.0000 -88.6403 -106.2995
0.006464 -0.006750 0.001811 -1014.63 7.19 22.59 -447.53 -110.20 -27.88 0.0000 -88.6423 -106.2817
0.006511 -0.006459 0.001902 -1014.87 7.15 22.95 -450.45 -111.17 -30.19 0.0000 -88.6400 -106.3199
0.006511 -0.006459 0.001902 -1014.87 7.15 22.95 -450.45 -111.17 -30.19 0.0000 -88.6400 -106.3199
0.006784 -0.006536 0.002199 -1014.99 7.06 23.21 -452.63 -107.60 -34.04 0.0000 -88.6360 -106.3773
0.007022 -0.006781 0.001821 -1014.70 7.46 22.97 -448.99 -108.82 -33.10 0.0000 -88.6363 -106.4116
0.006310 -0.006342 0.002486 -1013.78 6.88 23.28 -451.90 -111.27 -25.14 0.0000 -88.6354 -106.4319
0.005845 -0.005972 0.002747 -1013.75 6.53 23.21 -448.26 -110.26 -28.64 0.0000 -88.6396 -106.4582
0.005845 -0.005972 0.002747 -1013.75 6.53 23.21 -448.26 -110.26 -28.64 0.0000 -88.6396 -106.4582
0.005242 -0.005824 0.002933 -1014.57 6.41 23.04 -448.99 -108.82 -27.98 0.0000 -88.6420 -106.4811
0.004937 -0.005423 0.002585 -1013.86 6.29 22.89 -449.72 -108.13 -32.42 0.0000 -88.6471 -106.5268
0.005405 -0.004821 0.002686 -1014.85 5.72 23.11 -455.54 -109.31 -33.40 0.0000 -88.6524 -106.5807
0.005462 -0.005368 0.003362 -1014.55 5.66 22.20 -455.54 -109.31 -33.40 0.0000 -88.6578 -106.6076
0.005462 -0.005368 0.003362 -1014.55 5.66 22.20 -455.54 -109.31 -33.40 0.0000 -88.6578 -106.6076
0.005615 -0.005604 0.002811 -1014.01 5.29 22.13 -451.90 -111.22 -30.96 0.0000 -88.6600 -106.6379
0.005395 -0.005476 0.002253 -1014.25 5.79 22.13 -451.17 -104.56 -31.88 0.0000 -88.6609 -106.6827
0.005468 -0.005429 0.002097 -1014.07 6.31 21.62 -448.99 -111.80 -27.28 0.0000 -88.6688 -106.6775
